0.00856093
0.00871594
0.0648928
0.0578481
0.0538866
0.0508381
0.0439426
0.0323125
0.0253956
0.0260968
0.0189771
0.0136319
0.0123746
0.0100075
0.00852541
0.00691488
0.00634267
0.00590362
0.00524459
0.00472662
0.00652673
0.00848939
0.0108213
0.0102888
0.0118263
0.0115186
0.0111431
0.0109745
0.0106098
0.00961244
0.00848041
0.00636578
0.00694438
0.00610819
0.00567397
0.00560934
0.00491448
0.00518191
0.00458373
0.00483167
0.00455654
0.00503163
0.00516497
0.00689299
0.00737995
0.00955815
0.0117503
0.0132949
0.016779
0.0173083
0.0180812
0.018077
0.0175747
0.0169397
0.0171136
0.0172618
0.0142916
0.0140632
0.0119459
0.0107622
0.0107491
0.00990219
0.00820603
0.00837114
0.0073859
0.00700863
0.00642372
0.00519709
0.00446934
0.00489842
0.00498093
0.00536088
0.0057263
0.00609321
0.00559469
0.00568197
0.00510671
0.00468501
0.00449968
0.00559306
0.00575484
0.00578353
0.00634771
0.00644067
0.00676523
0.0058469
0.00620365
0.00950647
0.0131344
0.0149174
0.01799
0.016054
0.0187174
