0.00992726
0.0145379
0.226921
0.206674
0.202121
0.183155
0.179302
0.147593
0.144794
0.147099
0.127653
0.125202
0.114123
0.0950306
0.0889559
0.0946544
0.0903356
0.0917855
0.0897365
0.0885096
0.0846751
0.078031
0.0817501
0.0849452
0.0902005
0.0892927
0.0797069
0.0707708
0.0657362
0.0669602
0.073257
0.0646065
0.0706098
0.0703586
0.0760921
0.0734614
0.0758229
0.0775361
0.0756884
0.0767634
0.0667648
0.0658108
0.0587198
0.0605693
0.0626241
0.066239
0.058636
0.0580114
0.0550933
0.0463126
0.0494916
0.049389
0.0538549
0.0542691
0.0521683
0.0537061
0.0546504
0.0545152
0.0500978
0.0481216
0.0541449
0.0584957
0.061756
0.0635783
0.0628203
0.0675321
0.061294
0.0605151
0.0616266
0.0586229
0.0578354
0.0640114
0.0626839
0.0727939
0.0748885
0.0678998
0.0649988
0.0680127
0.0658767
0.0624134
0.0613106
0.0555924
0.0542525
0.051746
0.0550421
0.0589094
0.0601795
0.0696651
0.0660872
0.0583961
0.0570892
0.0474095
0.0488207
