0.00993251
0.0103193
0.198013
0.151598
0.130597
0.0945386
0.0938198
0.0792288
0.0698945
0.0853891
0.0582923
0.0541399
0.0512565
0.0445576
0.0397225
0.0395756
0.0337046
0.0305997
0.0329218
0.0359303
0.0329399
0.0366201
0.0338797
0.0340692
0.0319699
0.028511
0.0276637
0.030795
0.0284079
0.0268917
0.0247115
0.0244129
0.0217779
0.0236533
0.0257587
0.0278365
0.0259336
0.0274083
0.0268885
0.030623
0.031005
0.0354034
0.0384705
0.0436309
0.0482486
0.0583364
0.0549123
0.0515631
0.0483573
0.0517742
0.0515091
0.0497668
0.0498108
0.0458126
0.0457949
0.0447192
0.0435745
0.0424627
0.0437475
0.0463908
0.0428127
0.0457597
0.0442181
0.0374388
0.0371453
0.0357132
0.0372047
0.034245
0.0231549
0.0200698
0.0185794
0.0212006
0.0232112
0.0254681
0.0247405
0.0282506
0.0305143
0.0317657
0.0350978
0.0384534
0.0353288
0.0350577
0.0327679
0.0274075
0.0245326
0.0228969
0.023306
0.0243067
0.0254448
0.0250722
0.028891
0.0285538
0.0230044
