0.0298692
0.0293578
0.0286533
0.0300306
0.0284118
0.0300066
0.0293409
0.0323566
0.0296484
0.0312838
0.0324071
0.0308792
0.0305895
0.0291061
0.0316336
0.0297625
0.0299098
0.0317968
0.034493
0.033851
0.0362545
0.0372198
0.0384617
0.0339146
0.0328812
0.0362383
0.0354273
0.0357036
0.0341199
0.0404478
0.0422307
0.0392953
0.0412037
0.0397881
0.043043
0.0381772
0.0403378
0.0373165
0.0442952
0.0426066
0.045404
0.0453957
0.0503554
0.0462767
0.0447503
0.0463434
0.0510281
0.0451677
0.0457464
0.0443021
0.0458647
0.0506067
0.0530127
0.0546228
0.0553271
0.0486074
0.0476962
0.04251
0.0390322
0.0407409
0.0412915
0.0401403
0.0461103
0.0479335
0.0479018
0.0524784
0.0450773
0.0465773
0.0458155
0.0430437
0.045261
0.0489456
0.045384
0.0458106
0.0450309
0.0380858
0.0403797
0.0428795
0.0389093
0.0355052
0.0347276
0.0329879
0.0405257
0.0395497
0.041002
0.0369125
0.0349069
0.0341893
0.0327959
0.0316776
0.0289776
0.0279671
0.025941
0.0266758
0.023961
