0.019737
0.0159837
0.0125328
0.0108926
0.0103469
0.00974965
0.0081894
0.00850722
0.00679615
0.00665486
0.00663951
0.00657492
0.00497459
0.0046378
0.00473158
0.00392139
0.00362786
0.00640542
0.00637117
0.00642907
0.00858783
0.0114025
0.0116843
0.0116705
0.0146616
0.0193246
0.0173747
0.0149745
0.0153673
0.0138178
0.0129188
0.0100625
0.00911529
0.00816554
0.00802382
0.00575842
0.00539556
0.0045868
0.00409084
0.00419583
0.00363131
0.00332283
0.00329066
0.00335717
0.00322709
0.00321321
0.00523283
0.00660725
0.00773451
0.00822309
0.010526
0.00965294
0.0093681
0.00842003
0.00800473
0.00902329
0.00901481
0.00743788
0.00734413
0.00655107
0.00580662
0.00474363
0.00551837
0.00520798
0.00425285
0.00348993
0.00306874
0.00307441
0.00293943
0.00301652
0.0029031
0.00279115
0.00253877
0.00254657
0.00244636
0.00260017
0.0027894
0.00338241
0.0030853
0.00319971
0.00333387
0.00341752
0.00752617
0.00759231
0.00733236
0.00807263
0.00760687
0.00703905
0.00659025
0.007797
0.0081722
0.00972401
0.01168
0.01281
0.0128693
