0.0321721
0.0266509
0.0207516
0.0212159
0.0203189
0.0196173
0.0189348
0.0205741
0.0180924
0.0216365
0.0229145
0.0250549
0.0208224
0.0206238
0.0231909
0.0159738
0.0160397
0.0176034
0.0161991
0.0182452
0.0136935
0.0141597
0.0140078
0.0125764
0.0120735
0.0127657
0.0118155
0.0105351
0.0115675
0.0124973
0.0145732
0.0150727
0.0173727
0.020226
0.0224778
0.0203038
0.021787
0.0204494
0.0183727
0.0179837
0.0157784
0.014447
0.0144226
0.012037
0.0127645
0.0130997
0.0134655
0.0110892
0.0105169
0.0121127
0.011104
0.0103257
0.00999304
0.0115419
0.0131101
0.0160614
0.0194704
0.0202791
0.0240161
0.0272771
0.0325285
0.0304536
0.0400498
0.0382635
0.0336891
0.0204413
0.0152054
0.0134742
0.0175923
0.0183702
0.0155239
0.0140078
0.0139981
0.0135531
0.0102025
0.0102212
0.0107606
0.0124702
0.0123092
0.0127591
0.0145283
0.0146929
0.0139709
0.0139473
0.0154752
0.01669
0.0191033
0.0189125
0.0219422
0.0201678
0.0158481
0.0154292
0.0169074
0.0155072
0.0146342
