0.0154006
0.0143187
0.0142152
0.0134447
0.0126513
0.0111996
0.0103592
0.00901869
0.0078782
0.00683285
0.00717518
0.00702592
0.0056909
0.00508391
0.00447967
0.00362366
0.00357779
0.00626252
0.00766861
0.0103886
0.0123958
0.0126373
0.01545
0.0162113
0.0143517
0.0144821
0.0156019
0.0159565
0.0143305
0.0121514
0.0108034
0.00941596
0.00855705
0.00799688
0.00735687
0.00640016
0.00529962
0.00500433
0.00539204
0.00475883
0.00427833
0.00396539
0.00414607
0.00358233
0.00644864
0.00900639
0.0100001
0.0106142
0.0114208
0.0134832
0.0144995
0.0127066
0.0117927
0.0112684
0.00961701
0.00869963
0.00833576
0.00757155
0.00685508
0.00627096
0.00620929
0.00624768
0.00517293
0.00496654
0.00619258
0.00607433
0.00567156
0.00622113
0.0060468
0.00579173
0.00610682
0.005265
0.00519791
0.00488241
0.00471962
0.00414723
0.00348195
0.00362208
0.00325878
0.00482489
0.00594789
0.00571009
0.00630405
0.00608306
0.00605889
0.0080857
0.0109394
0.0137607
0.0166409
0.0173365
0.0193322
