0.0253111
0.0279499
0.0269897
0.0266877
0.0291512
0.0353273
0.0342501
0.0333725
0.0379459
0.0375933
0.035914
0.0382097
0.0351004
0.0372944
0.0342768
0.0318442
0.0297047
0.0342479
0.0381592
0.0374165
0.0381525
0.0369284
0.0396813
0.0438371
0.0395125
0.0351355
0.034814
0.0346925
0.0401052
0.0342358
0.0325547
0.03173
0.0326889
0.0359935
0.0308315
0.0335102
0.0325854
0.0282693
0.0292629
0.0264675
0.0265056
0.0256356
0.0278677
0.0287673
0.0329678
0.033101
0.0304308
0.0301665
0.0300463
0.0338863
0.0335927
0.0333935
0.0325694
0.037971
0.0411064
0.0432751
0.0447234
0.0420451
0.0454611
0.0465644
0.043852
0.0452225
0.042068
0.0417398
0.0464478
0.0421779
0.0390452
0.0407935
0.0426876
0.0476724
0.0524915
0.046816
0.0455893
0.0437654
0.04536
0.042464
0.0379937
0.0372877
0.034722
0.0357139
0.0328213
0.0337378
0.0343938
0.0382215
0.0388111
0.0385842
0.0342803
0.0334619
0.0293061
0.0278546
0.0285985
