0.016581
0.0159879
0.0166437
0.0186413
0.0226246
0.0268603
0.0331392
0.032578
0.0321608
0.033455
0.0356277
0.0364031
0.034329
0.0359997
0.034117
0.0275305
0.0257096
0.0259376
0.0269423
0.0265978
0.0275299
0.0249595
0.0221815
0.0224393
0.0211436
0.0219969
0.0251081
0.0264686
0.0322528
0.0369699
0.039088
0.042517
0.0489821
0.0503554
0.0511541
0.0487661
0.0423984
0.0461235
0.0437944
0.0361416
0.0285043
0.028038
0.0320932
0.0240411
0.018547
0.0175495
0.0109826
0.00929044
0.00989834
0.0094754
0.00786051
0.00916329
0.0110756
0.0145827
0.0170604
0.0198518
0.0255025
0.0290206
0.0326329
0.0353273
0.0376635
0.0414241
0.0390598
0.0423929
0.0547447
0.0583482
0.0533549
0.0616545
0.0653881
0.0670762
0.0753228
0.0654375
0.0701352
0.0593531
0.0545554
0.0522261
0.041061
0.031292
0.0275294
0.0274666
0.0278685
0.0293345
0.0273974
0.026261
0.0292361
0.0296787
0.0257824
0.0243069
0.0252996
0.0216211
0.0204952
