0.00912283
0.00791443
0.00780008
0.00644198
0.00617007
0.00617683
0.00570089
0.0060322
0.00550243
0.00557501
0.00580685
0.0054909
0.00446062
0.00438879
0.00497029
0.00480008
0.00529748
0.00563129
0.00824239
0.0120927
0.014199
0.0153086
0.0154651
0.015697
0.0142893
0.012781
0.012365
0.0115301
0.0112716
0.0137399
0.0141703
0.0144965
0.0143852
0.0153438
0.0130212
0.0136635
0.0124855
0.0120219
0.0155591
0.0172788
0.020468
0.0257996
0.0261124
0.0263431
0.0224798
0.0229906
0.0224995
0.0221856
0.0213723
0.0195095
0.0192973
0.0211102
0.0182297
0.0181549
0.0166989
0.0173921
0.018003
0.0169254
0.0155169
0.0174219
0.0181883
0.022124
0.0233705
0.0277788
0.0264435
