0.00972194
0.00866447
0.0089053
0.00837533
0.00968501
0.0113253
0.0123097
0.0133473
0.0146712
0.0171134
0.019749
0.0210106
0.0212185
0.0253601
0.0302077
0.0310451
0.0328329
0.0319518
0.0298193
0.0339584
0.0396789
0.0383783
0.0377733
0.0366384
0.0373677
0.0386758
0.0353062
0.0375069
0.0370964
0.0412198
0.0409888
0.0338699
0.0361667
0.0340912
0.0277013
0.0285525
0.026244
0.0259285
0.0256583
0.0231326
0.0180488
0.0153472
0.0156809
0.0176559
0.0175208
0.0175546
0.0186074
0.0162426
0.0176989
0.0194613
0.0191537
0.0222857
0.0230349
0.0219842
0.0256902
0.0285429
0.0331552
0.038836
0.0457381
0.0582328
0.0603387
0.0624504
0.0577255
0.0662421
0.0568811
