0.00889601
0.00896475
0.00925542
0.0101938
0.0097661
0.0104457
0.0105078
0.0108448
0.0104556
0.0104105
0.0123618
0.0130113
0.0139847
0.0151926
0.0167568
0.0175941
0.0189165
0.0208835
0.0213751
0.0186371
0.0181747
0.0197449
0.019522
0.0236888
0.0265969
0.026068
0.0251937
0.0257187
0.0268905
0.0276888
0.0298634
0.0307811
0.0330326
0.0366473
0.0365027
0.0400718
0.0450859
0.0470749
0.0406607
0.0392985
0.0415697
0.0440929
0.0433021
0.0368708
0.0331983
0.0295785
0.0246689
0.0292421
0.0331739
0.0378875
0.0390753
0.0435456
0.0506381
0.0513176
0.0482941
0.048653
0.0508527
0.0501293
0.0476747
0.052566
0.0477658
0.0465228
0.0388429
0.0372425
0.0350197
