0.0141504
0.0149197
0.0129111
0.0105139
0.00940986
0.007941
0.0071777
0.00640195
0.00574231
0.00532356
0.00458269
0.00449957
0.0041605
0.00332836
0.00336406
0.00326348
0.00311739
0.00299514
0.00294078
0.00244876
0.00287151
0.00410777
0.00429151
0.00795959
0.0100531
0.0136008
0.0181085
0.0201588
0.019428
0.0192562
0.0163539
0.0147637
0.0149337
0.0133497
0.0125324
0.0104159
0.00856228
0.00715127
0.00648778
0.00691616
0.00640271
0.00614064
0.00664946
0.00564603
0.00524972
0.00504226
0.00549622
0.00576169
0.00582242
0.00552243
0.00520803
0.00827828
0.0108406
0.0146609
0.0166202
0.0197267
0.0175535
0.0170311
0.0167153
0.0166777
0.014805
0.0121957
0.0121561
0.0105576
0.00985658
0.00898485
0.00851434
0.00701627
0.00660726
0.0061618
0.00537787
0.00531297
0.00458463
0.00451559
0.00365424
0.00251806
0.0023963
0.00225145
0.00205523
0.00201948
0.00174497
0.0017153
0.00185397
0.00173559
0.00178418
0.00197964
0.00203103
0.0020908
0.0022008
0.0022904
0.00254761
0.00449918
0.00892897
0.0080218
0.0119288
0.0118376
0.0108188
0.0110124
0.00927082
0.00901313
0.0107963
0.0122016
0.0139231
0.0163059
0.0170978
0.0161415
0.0152666
0.0125243
0.0101188
0.00904891
0.0109953
0.0124564
0.0149887
0.0134887
0.0118669
0.0131041
