0.0228765
0.0234605
0.0229012
0.0243129
0.0225661
0.0209553
0.0194764
0.0192141
0.019888
0.0196746
0.018872
0.0209595
0.0188128
0.0199854
0.01813
0.0162222
0.015232
0.0150406
0.0152671
0.0169338
0.017955
0.0170093
0.0193677
0.0231285
0.0227465
0.0228055
0.0275337
0.0305878
0.0303636
0.0281723
0.0251575
0.0265138
0.0263846
0.0325561
0.0327378
0.0317096
0.0267758
0.0267157
0.0230247
0.0244425
0.0227504
0.0230197
0.0259414
0.0266469
0.0292888
0.028757
0.0329905
0.0349364
0.0335806
0.0311601
0.0324385
0.0341789
0.032142
0.0348435
0.0315319
0.030187
0.0321853
0.0325271
0.0352574
0.0363122
0.0356815
0.0344641
0.0312707
0.0323674
0.032425
0.0355728
0.0387228
0.0389382
0.0377066
0.0354865
0.0360302
0.0354483
0.0317
0.0336353
0.033735
0.0289262
0.0290361
0.0326108
0.0306474
0.026305
0.0229505
0.0209524
0.0213684
0.0219422
0.0237797
0.0221917
0.0207859
0.0196848
0.0227065
0.0230342
0.0235114
0.0253986
0.0218538
0.0215987
0.0208724
0.0224601
0.0254412
0.0264658
0.024788
0.0270269
0.0303961
0.0289589
0.0277534
0.0242198
0.0238394
0.0233832
0.0260274
0.0231344
0.0198224
0.0192399
0.0245656
0.0244242
0.0242998
0.023035
0.022184
0.0282505
