0.00907788
0.00871383
0.00839552
0.00799175
0.00875591
0.00755094
0.00684393
0.00654028
0.00594746
0.00503538
0.0047744
0.00465816
0.00502449
0.00509599
0.00570193
0.00531399
0.00658462
0.00873505
0.0116527
0.0127932
0.0123582
0.0118206
0.0118842
0.0123739
0.0109808
0.0100655
0.010238
0.00976266
0.00994911
0.00966031
0.0100085
0.0107823
0.00932055
0.0107477
0.00931741
0.0117983
0.0121167
0.0139739
0.0153809
0.017591
0.0204966
0.020776
0.0193752
0.0154763
0.0145917
0.0129809
0.0103185
0.0116915
0.0103617
0.0102057
0.00968073
0.0106713
0.0108586
0.0107053
0.0110029
0.0150785
0.0166749
0.0199943
0.0205275
0.0239781
