0.0095378
0.00940147
0.00938167
0.010202
0.0128058
0.0151032
0.0179852
0.0211674
0.0240575
0.0231371
0.0250689
0.0263388
0.0297432
0.0323556
0.0401746
0.0323111
0.0320683
0.0258497
0.02732
0.0265358
0.0231458
0.0223269
0.0199254
0.0209726
0.0255022
0.0265239
0.0308722
0.0350393
0.0378029
0.0424044
0.0394456
0.0418822
0.0413691
0.0403984
0.0379572
0.0416168
0.0381067
0.0388526
0.0385377
0.0399838
0.0392686
0.0444204
0.0434877
0.0400442
0.0370796
0.0314057
0.0280042
0.0254446
0.026526
0.0289028
0.0324538
0.0385616
0.0466515
0.0568193
0.0661715
0.0738221
0.0703855
0.0809357
0.0802263
0.0915213
