0.0105794
0.0123797
0.0150714
0.0177725
0.0219331
0.0236698
0.0222978
0.0247036
0.0236528
0.0238844
0.0269545
0.0268933
0.0258289
0.0249282
0.0260293
0.0225495
0.0237113
0.0243513
0.0246725
0.027445
0.0277627
0.0247658
0.0282609
0.0232156
0.0225805
0.0244852
0.0257552
0.0257791
0.0252128
0.0267627
0.0288823
0.0370571
0.0432262
0.0509938
0.0528368
0.0555093
0.0537293
0.0566205
0.0594056
0.0528519
0.0506723
0.0499675
0.0430172
0.0370855
0.0366965
0.0357017
0.030347
0.0379187
0.0357427
0.036082
0.0367569
0.0319058
0.0350663
0.0335072
0.0357951
0.0484656
0.0451436
0.0429196
0.0358363
0.0343666
