0.0200513
0.0191627
0.0198983
0.0157066
0.0147822
0.0144145
0.013927
0.0131524
0.0116242
0.0103245
0.00846393
0.00720459
0.00718199
0.00657962
0.00580829
0.00548923
0.00440627
0.00430141
0.00431099
0.0035211
0.00353194
0.00370801
0.00422639
0.00768096
0.0090582
0.0104126
0.0119134
0.0143886
0.0151764
0.013738
0.0134778
0.0118523
0.0108609
0.00882132
0.0083575
0.00761957
0.0070046
0.0077994
0.00712536
0.00683982
0.00630266
0.0046439
0.00467385
0.00460566
0.00418808
0.00353002
0.00300346
0.00290664
0.00334919
0.00370267
0.00403686
0.00415485
0.00405528
0.00852688
0.0109762
0.0125799
0.0127244
0.0164223
0.0171044
0.0170678
0.018207
0.0183146
0.0179435
0.0158241
0.0149465
0.0141292
0.012715
0.0114379
0.0111243
0.00957971
0.00953214
0.00857626
0.0077491
0.00595293
0.00498307
0.00449115
0.00417158
0.00376389
0.00365757
0.00338314
0.00338156
0.00306973
0.00327704
0.00336318
0.00364388
0.00369765
0.00397032
0.00340241
0.00283192
0.0026676
0.00260088
0.00270938
0.00379727
0.00420988
0.00455776
0.00550104
0.00463973
0.00456628
0.00683736
0.00874375
0.0103752
0.013153
0.0150454
0.0147687
