0.0312167
0.0351057
0.0352932
0.0318783
0.0318724
0.0328735
0.033996
0.0353094
0.0286021
0.0230204
0.0232701
0.0227464
0.0261609
0.0271819
0.0256656
0.0232799
0.0233193
0.0212248
0.0216479
0.019915
0.0201356
0.0210122
0.0193417
0.0206518
0.0203365
0.0202004
0.0195542
0.0186019
0.0197179
0.0211523
0.0212603
0.0212245
0.0210904
0.0239033
0.0257616
0.0263259
0.0254348
0.0227503
0.0251834
0.0254916
0.0260355
0.0294877
0.0317221
0.0324311
0.0346308
0.0337905
0.0317594
0.0327857
0.033403
0.0353118
0.0357557
0.0345041
0.0340918
0.0303561
0.0313245
0.0306921
0.0302669
0.0320287
0.0351469
0.038917
0.0401458
0.0390435
0.0364224
0.0402266
0.0364046
0.0401963
0.0411734
0.0365681
0.036481
0.0339068
0.0325554
0.0333157
0.0333346
0.0314926
0.0341112
0.0347277
0.0347979
0.0370095
0.0351141
0.0387577
0.0412855
0.0356929
0.0346203
0.0369469
0.0320307
0.0323552
0.0298561
0.0289341
0.0308251
0.0289862
0.0301263
0.0260322
0.0311545
0.0337446
0.0357909
0.0367079
0.032206
0.0304395
0.0364569
0.0341981
0.0355317
0.0365073
0.0348444
0.0360013
