0.0341338
0.0295529
0.0267876
0.0229071
0.0239639
0.0280535
0.0293341
0.0277786
0.0262233
0.0278333
0.0311274
0.0319335
0.0338907
0.0341541
0.0340176
0.0345574
0.0288542
0.0279539
0.0282528
0.0285158
0.0273756
0.0304501
0.0322914
0.0323704
0.0329756
0.0362497
0.0337469
0.030393
0.0270308
0.0266312
0.0263804
0.0271816
0.0259219
0.0249014
0.0241249
0.0231785
0.0236491
0.0244918
0.0243227
0.0263353
0.0283219
0.024625
0.0257519
0.0282387
0.0265863
0.0263779
0.0267258
0.0285256
0.0308457
0.0335461
0.0340026
0.0353795
0.0372834
0.0333218
0.0338116
0.0326775
0.0303184
0.0320957
0.0276178
0.0233427
0.022753
0.0226327
0.0221555
0.0235701
0.0217811
0.0233733
0.0243065
0.0251369
0.0296916
0.0290273
0.0337729
0.032578
0.0321944
0.0286764
0.0264568
0.0269194
0.028556
0.0262562
0.0277341
0.0280278
0.0277644
0.0276565
0.0294631
0.0312765
0.0355951
0.0385903
0.0402918
0.039084
0.0391088
0.0356267
0.0324274
0.0326898
0.0344421
0.0321314
0.0343214
0.0336768
0.0318722
0.0329049
0.0281467
0.0289269
0.0306904
0.032347
0.0322818
0.0276311
