0.00927596
0.00901659
0.0606282
0.0560231
0.0510498
0.0456982
0.0417454
0.0376315
0.0310981
0.0274233
0.0629741
0.0583518
0.0516799
0.0419448
0.0340296
0.0281547
0.0234616
0.0205859
0.0153483
0.0121017
0.00937965
0.00755876
0.00781633
0.00911799
0.0192476
0.0209662
0.0241936
0.0208652
0.0179223
0.017871
0.0162406
0.01362
0.0132417
0.0123504
0.0106572
0.0098056
0.00774447
0.00691578
0.0068292
0.00656471
0.00612739
0.00526516
0.00494858
0.00480822
0.00485945
0.00423745
0.00390217
0.00371939
0.00364528
0.00320176
0.00332803
0.0032619
0.00328852
0.00314228
0.00577697
0.00797254
0.0112663
0.0131694
0.016509
0.0156975
0.0138904
0.0141701
0.0126147
0.0117932
0.0115435
0.0107965
0.0100438
0.00866454
0.00880487
0.00876106
0.00813925
0.00665437
0.00595615
0.00554894
0.00555702
0.00558089
0.00488832
0.00474743
0.00423009
0.00412572
0.00394161
0.00386496
0.00373913
0.00355609
0.00323118
0.00287779
0.00261549
0.00249798
0.00223404
0.00196228
0.00171749
0.00175063
0.00177788
0.00165385
0.00172812
0.00211394
0.00334674
0.00447217
0.00436209
0.00428271
0.00438436
0.0041462
0.00736199
0.00810523
0.00967118
0.0120075
0.01274
0.0154098
