0.0101618
0.0109778
0.239557
0.218029
0.204774
0.194412
0.176197
0.17028
0.155748
0.135523
0.236806
0.224305
0.207825
0.214773
0.202785
0.153195
0.136008
0.114245
0.0982683
0.0990668
0.102436
0.084093
0.0923216
0.0719904
0.0791029
0.0839451
0.0724746
0.0799396
0.0691767
0.0804375
0.0669617
0.0524003
0.0524307
0.0474945
0.0459087
0.0451647
0.0427619
0.0388928
0.0389286
0.0373272
0.0384296
0.0390911
0.0411291
0.0429304
0.0433559
0.0425649
0.0392183
0.0356257
0.0340878
0.0355528
0.0336343
0.0328649
0.0317602
0.036034
0.0396607
0.0384862
0.0382129
0.0356595
0.0330175
0.0378257
0.037774
0.0355629
0.0368832
0.0348979
0.0369301
0.0392282
0.0389862
0.0416537
0.0372586
0.0364686
0.0391945
0.0407209
0.0389748
0.0361026
0.0406519
0.0408414
0.0443154
0.045872
0.0466477
0.0420462
0.043542
0.0386363
0.036459
0.0348195
0.0333497
0.0285395
0.0282698
0.0275539
0.0268038
0.0266823
0.0277765
0.0271165
0.0300803
0.0322854
0.0346312
0.03748
0.0388309
0.0398695
0.0376409
0.0358557
0.0350256
0.0331752
0.0344097
0.0361047
0.0363357
0.0337622
0.0304318
0.0308516
