0.0084916
0.00869172
0.201252
0.163595
0.152934
0.130988
0.118506
0.110361
0.0933421
0.0903916
0.205935
0.166007
0.137757
0.125355
0.107833
0.0939534
0.0856233
0.0795282
0.0684078
0.0605165
0.0557556
0.0501393
0.0383138
0.039531
0.0458748
0.0436182
0.0425196
0.0386234
0.0347291
0.0318653
0.032182
0.0283669
0.0305067
0.0268855
0.0285769
0.0281977
0.0272551
0.025396
0.0185888
0.0211935
0.0201395
0.020322
0.0217148
0.0221713
0.0223474
0.023543
0.0238299
0.0241041
0.0237415
0.0242875
0.0266179
0.0276127
0.027149
0.0265743
0.0278537
0.0258738
0.0268626
0.0309612
0.0297557
0.0265716
0.0241197
0.0245058
0.0229734
0.0217258
0.0209121
0.0250264
0.0221917
0.0231179
0.0249716
0.0259556
0.03025
0.0248636
0.0230221
0.0231603
0.0253257
0.0270401
0.0268785
0.0286878
0.0292039
0.0311744
0.0299312
0.0329434
0.0365578
0.0377961
0.0374328
0.0364164
0.0316421
0.0293236
0.0269767
0.0242582
0.024653
0.0230618
0.0236408
0.0233545
0.0226297
0.022663
0.0292076
0.0291147
0.0261036
0.0242366
0.022579
0.0237932
0.0240153
0.0224743
0.0243487
0.0202397
0.019172
0.020001
