0.00831849
0.00859781
0.062228
0.0523647
0.0444906
0.0389626
0.0350719
0.0279091
0.0226185
0.0181256
0.0132589
0.011203
0.00681761
0.00658632
0.00527403
0.00499258
0.00458586
0.00400293
0.00398444
0.00391476
0.00310047
0.00330314
0.00334047
0.00734284
0.01045
0.0109723
0.0102329
0.0121541
0.012288
0.0119709
0.0107129
0.00902885
0.00801733
0.00794848
0.00714233
0.00672741
0.00607858
0.00618101
0.00567738
0.00536432
0.0049961
0.0048808
0.00456398
0.00426007
0.00396745
0.00358987
0.00320098
0.00330537
0.00334825
0.00329667
0.00326746
0.00400933
0.00713386
0.010481
0.0131356
0.0168077
0.0197956
0.0193369
0.0179099
0.0160201
0.015204
0.0137973
0.0128913
0.0112884
0.0105217
0.00962509
0.00881705
0.00807645
0.0058506
0.00437044
0.00342709
0.0029918
0.00283432
0.00285977
0.00298809
0.0023416
0.00209077
0.00216584
0.00213156
0.00213636
0.00215616
0.00219918
0.00201345
0.00208957
0.00223531
0.00242738
0.00243915
0.00246687
0.00226309
0.00234923
0.00233304
0.00263292
0.00288508
0.00319494
0.00475604
0.00537572
0.00501009
0.00417669
0.00413691
0.00645229
0.00932525
0.0118794
0.0125627
0.0140268
0.0141234
