0.0101437
0.0116164
0.220672
0.205489
0.176576
0.163095
0.13549
0.113246
0.103395
0.104304
0.0802803
0.0610251
0.0560546
0.0487142
0.045451
0.0403809
0.0376484
0.0369954
0.032849
0.025419
0.0274697
0.0233185
0.0229173
0.0266007
0.0237253
0.0227208
0.0258734
0.0273262
0.0324513
0.0303672
0.0286397
0.028079
0.0259485
0.0307742
0.0298456
0.0317125
0.0313106
0.032366
0.0311857
0.0321753
0.0326391
0.0308106
0.0310883
0.0313203
0.0342653
0.0336195
0.0320243
0.0345627
0.0330515
0.0356237
0.0306334
0.0310943
0.033947
0.0322168
0.0321377
0.0294778
0.0284031
0.0264384
0.0285114
0.0279183
0.0261346
0.0264869
0.027065
0.0239497
0.0223652
0.0198943
0.0173189
0.0209205
0.0184227
0.0169962
0.0185574
0.0214254
0.0232326
0.0256011
0.026618
0.0274078
0.0251188
0.0250301
0.0234123
0.02093
0.0217238
0.0191359
0.0194054
0.0220685
0.0229207
0.0261153
0.0248655
0.0259739
0.024848
0.0245057
0.0213768
0.0198965
0.0218625
0.0223445
0.0263678
0.0256721
0.0251499
0.0260437
0.0281857
0.0276682
0.0263795
0.0278638
0.0268392
0.0266115
0.0273745
