0.00936355
0.00885054
0.198314
0.144037
0.100019
0.0845117
0.0726229
0.0624528
0.0560992
0.0558972
0.0453774
0.0360467
0.0234581
0.0216841
0.0171698
0.0174243
0.0180457
0.0162439
0.0166351
0.0183557
0.0190059
0.0177786
0.0190433
0.0219653
0.0248328
0.0247223
0.0253466
0.0240277
0.0211294
0.0194981
0.0227895
0.0234458
0.0232024
0.0256355
0.0239218
0.0239842
0.0268459
0.0253479
0.0269959
0.0278331
0.0284572
0.0309225
0.0306354
0.0302219
0.029436
0.0278818
0.0249044
0.0274703
0.0297762
0.0282369
0.026754
0.0300665
0.0320497
0.0334293
0.0351002
0.0347448
0.0310126
0.0292284
0.0279356
0.0314745
0.0328571
0.0342804
0.0375347
0.0382476
0.0424928
0.0446893
0.0451358
0.0461109
0.0388739
0.0287959
0.0255031
0.0253342
0.0234755
0.0249197
0.0235929
0.0192547
0.0165092
0.0171732
0.0170578
0.016534
0.0171904
0.0180249
0.0170071
0.0175895
0.0178065
0.0200643
0.0220777
0.0210355
0.0211819
0.0211082
0.0197492
0.0181998
0.0175227
0.0190565
0.0227035
0.0216052
0.0217433
0.0214626
0.0223915
0.0203161
0.020204
0.0219068
0.0241424
0.0225062
0.0217338
