0.00986045
0.00892674
0.0626816
0.058607
0.0567283
0.0581303
0.0514761
0.0449279
0.0398579
0.0311844
0.0206681
0.0193749
0.014775
0.0131298
0.0109036
0.0110059
0.00912874
0.00862233
0.00807844
0.00813353
0.0109285
0.0133412
0.015971
0.0179467
0.0201366
0.0174504
0.0164202
0.0176285
0.0188612
0.0195773
0.0194487
0.0196446
0.0170404
0.0162568
0.0145981
0.0165871
0.0150435
0.0150491
0.0170631
0.0174877
0.0165657
0.0153194
0.0146706
0.0131919
0.0115091
0.00941781
0.00861593
0.0102223
0.0138732
0.0153108
0.015329
0.0158126
0.0162293
0.015983
0.0156547
0.0129747
0.0132721
0.0122122
0.013414
0.0125406
0.0127098
0.0107711
0.00920322
0.00869753
0.00805434
0.00789562
0.00708187
0.00668315
0.00704005
0.00663451
0.00655175
0.00606868
0.00571387
0.0052328
0.00456728
0.00455886
0.00420555
0.00379829
0.00393931
0.00454881
0.00441013
0.00332209
0.00292965
0.00271104
0.002718
0.00560466
0.00749999
0.0127654
0.0122124
0.0107722
0.0100584
0.0081235
0.00985975
0.0122538
0.0125087
0.0139732
0.0168285
0.0181864
