0.0100625
0.0130209
0.242256
0.233432
0.229176
0.215657
0.196598
0.193663
0.184871
0.158581
0.127558
0.127959
0.117813
0.103833
0.10502
0.099744
0.10228
0.0953453
0.0749111
0.0678356
0.0659492
0.0570408
0.0596727
0.0673423
0.0653014
0.0723574
0.0753951
0.0775635
0.0883733
0.0835873
0.0897959
0.0849893
0.0839423
0.0929391
0.0856371
0.0856526
0.077362
0.0811005
0.0785404
0.0823433
0.0804394
0.0833071
0.0865505
0.0956452
0.0932195
0.084276
0.0911755
0.101074
0.111913
0.123064
0.125111
0.123608
0.12726
0.126239
0.117953
0.112142
0.118113
0.12414
0.138879
0.133301
0.130998
0.12568
0.128547
0.13312
0.126299
0.128338
0.124141
0.126753
0.126531
0.121169
0.114825
0.0922831
0.0835217
0.0773602
0.0725661
0.0742463
0.0772265
0.0794806
0.0864644
0.0826171
0.0867167
0.0817974
0.0779171
0.0803224
0.0779553
0.0690926
0.0646392
0.0607937
0.0526301
0.0476737
0.0426495
0.0410819
0.0347664
0.0371759
0.0276545
0.0270396
0.0271485
0.0287472
