0.00971139
0.0094087
0.228376
0.194412
0.157896
0.167947
0.171437
0.171758
0.16421
0.154993
0.123818
0.114439
0.0893119
0.0833902
0.0820272
0.0871934
0.072292
0.0533156
0.0485199
0.0434216
0.0392047
0.0332153
0.0283269
0.026759
0.0197148
0.0178699
0.0223187
0.0194272
0.0156328
0.0162235
0.0209723
0.0262237
0.034957
0.0421766
0.0506165
0.070326
0.0699958
0.0772004
0.0986032
0.113148
0.123007
0.127567
0.133938
0.137583
0.134617
0.109048
0.106341
0.104933
0.0858311
0.0825479
0.0679092
0.0587716
0.0482569
0.040254
0.038817
0.0368101
0.0347608
0.0339094
0.0383237
0.038989
0.0406326
0.0369166
0.0367155
0.0377446
0.0371318
0.0387946
0.034638
0.0374851
0.0431876
0.0447904
0.0474083
0.045815
0.043233
0.034197
0.0321201
0.0331584
0.0343282
0.0233857
0.0214712
0.025391
0.0283715
0.0229719
0.0219474
0.0195044
0.0186312
0.0165483
0.0162883
0.0309501
0.032793
0.0328013
0.0346171
0.0295338
0.0265713
0.0252695
0.0248546
0.0233163
0.0238353
0.0230265
