0.0215233
0.0225643
0.0219965
0.0202341
0.0196282
0.017515
0.0171147
0.0138673
0.0105732
0.0100885
0.00906663
0.00793205
0.00650801
0.00578637
0.00566416
0.00605195
0.00661029
0.00605569
0.00856121
0.0119457
0.0133832
0.0140486
0.0158512
0.0163342
0.0146259
0.0134536
0.0110821
0.0107175
0.00928349
0.00878825
0.00781931
0.00776434
0.00869104
0.00820673
0.00817441
0.0080105
0.00740841
0.00665914
0.00698791
0.0063202
0.0056115
0.00458617
0.00704118
0.00967596
0.0122068
0.0139615
0.0161061
0.0160478
0.0145128
0.0122132
0.0132531
0.0130056
0.0114261
0.0130855
0.0130706
0.0133842
0.011595
0.0116581
0.0085035
0.0072185
0.00708633
0.00649396
0.00568051
0.0060769
0.00642823
0.00707189
0.00716901
0.00722536
0.0072943
0.00673267
0.00738753
0.00750504
0.00806639
0.00887445
0.00737026
0.00742285
0.00638533
0.00534939
0.0110463
0.0113856
0.014875
0.0155419
0.0185814
