0.0340569
0.0337746
0.0342465
0.0346392
0.033549
0.0423306
0.0438518
0.0490522
0.0492579
0.0476363
0.0516876
0.0471936
0.0468054
0.0450204
0.0469658
0.0462343
0.0435715
0.0346411
0.0304103
0.0297756
0.0284504
0.0273174
0.0284666
0.0287876
0.027512
0.0281239
0.0304481
0.0303594
0.0308969
0.0311234
0.0366606
0.0416846
0.0470896
0.0596797
0.0608615
0.0600793
0.0630876
0.0711866
0.0743719
0.0765561
0.072579
0.0746547
0.0882223
0.0854125
0.0824773
0.0716544
0.068705
0.0713654
0.0726523
0.0771036
0.0876176
0.0975426
0.0911187
0.0856681
0.0929331
0.0964455
0.0929146
0.0954422
0.0875893
0.0833272
0.0924748
0.0934564
0.0910283
0.0923608
0.100246
0.0950606
0.0929594
0.0890862
0.0873565
0.0739958
0.0664783
0.0678265
0.0684997
0.0740363
0.0636244
0.0564669
0.0557422
0.0635395
0.073847
0.0635028
0.0631749
0.0672938
0.0624084
