0.0337519
0.0252604
0.022487
0.0240255
0.0260204
0.0297286
0.0328552
0.0332575
0.0326368
0.0331124
0.0342964
0.0347225
0.0328099
0.0275897
0.0325122
0.0244152
0.0267124
0.0261976
0.0270402
0.0240338
0.0231695
0.025012
0.0209041
0.0174741
0.0162324
0.0221531
0.0228295
0.0253873
0.0256789
0.0301122
0.0318743
0.0339703
0.0367437
0.0390035
0.0404891
0.0434711
0.0427418
0.0386799
0.0392719
0.0328918
0.0281901
0.0205351
0.0175412
0.0177172
0.0158196
0.0167002
0.0172357
0.0149217
0.0149653
0.0161784
0.0202033
0.0254088
0.0295929
0.0393665
0.0496392
0.0598995
0.0636909
0.0630098
0.0595914
0.0522326
0.0590163
0.0508804
0.0414952
0.0417558
0.052563
0.047161
0.0337823
0.0323016
0.0358379
0.0421014
0.0357375
0.0401613
0.0445273
0.0431086
0.0320259
0.0302795
0.0288049
0.0294587
0.0321493
0.0252702
0.0282146
0.0256467
0.0260409
