0.0101656
0.00959285
0.0106
0.0112859
0.0104617
0.0130006
0.0131654
0.0136979
0.0173791
0.0154268
0.0175627
0.0213832
0.0205745
0.0255262
0.0283887
0.0289183
0.0289565
0.0273558
0.0288393
0.0312633
0.025165
0.0221754
0.0185919
0.0169544
0.0158026
0.0149947
0.014599
0.0140824
0.0170842
0.0166546
0.0163738
0.017104
0.0154072
0.0141402
0.0135254
0.0182812
0.0198929
0.0209456
0.0173404
0.0183322
0.0200224
0.0190309
0.0185958
0.0181697
0.0166975
0.018395
0.0174285
0.0167433
0.0170479
0.016311
0.0147048
0.0151172
0.0149825
0.0181645
0.0187543
0.0184049
0.0194482
0.0169565
0.0161604
0.0162495
0.0177
0.0184636
