0.00820114
0.00789373
0.0079809
0.00706647
0.00638885
0.00637481
0.00552536
0.00549982
0.00573701
0.00459764
0.00455259
0.0049592
0.0043034
0.00467815
0.00486167
0.00529298
0.0051004
0.0075088
0.00929854
0.0114742
0.0131764
0.0133338
0.0124126
0.0123814
0.010555
0.00948093
0.00925665
0.0085288
0.00810212
0.0068523
0.00642292
0.00548885
0.00473966
0.00412995
0.00398616
0.00725591
0.00838273
0.00926485
0.0119691
0.0157256
0.017563
0.0158671
0.0121879
0.00980453
0.00861384
0.00789059
0.00720588
0.00629476
0.00661155
0.00573489
0.00584675
0.00584424
0.00576656
0.005808
0.00560648
0.00497509
0.00639202
0.00773827
0.00991912
0.0094314
0.0101237
0.0123158
