0.0107957
0.0128163
0.0127769
0.0130699
0.013348
0.0169537
0.017623
0.0177475
0.0170877
0.0175577
0.0164548
0.0170152
0.0188758
0.017915
0.0194881
0.022944
0.0196406
0.0174866
0.0176944
0.0160326
0.0173832
0.0168535
0.016995
0.018407
0.0192882
0.0209514
0.021393
0.0247167
0.0269497
0.0261595
0.0233628
0.0251011
0.0245278
0.0222017
0.0248074
0.0266927
0.0219805
0.0202804
0.0236725
0.0270757
0.0254571
0.0222428
0.0207383
0.0200869
0.0198501
0.0225547
0.0258055
0.0268861
0.0254347
0.0279451
0.0304791
0.0283157
0.0267923
0.0288605
0.0275789
0.0297075
0.0270234
0.0280769
0.024911
0.0217597
0.0199811
0.0190673
