0.0156474
0.0154552
0.0131477
0.0119528
0.0106728
0.0101715
0.00956048
0.00817587
0.00779322
0.00703778
0.00621273
0.00600321
0.00528598
0.00490887
0.00507772
0.00466719
0.00487477
0.00548952
0.00774825
0.00861252
0.00783272
0.00945882
0.0119587
0.0128854
0.01366
0.0124506
0.0140362
0.0137407
0.0155511
0.013446
0.0137528
0.0125141
0.0111472
0.00991098
0.0096323
0.00920667
0.00735598
0.00583074
0.00554304
0.00500362
0.00521101
0.00528127
0.0052504
0.00517044
0.00451026
0.00436709
0.0047065
0.00482936
0.00910639
0.0133741
0.0166166
0.019152
0.0212656
0.0199592
0.0199084
0.0173917
0.0173463
0.015618
0.0158546
0.0142801
0.0148093
0.0131524
0.0112837
0.00954849
0.0101605
0.00830476
0.00785147
0.00600254
0.00547981
0.00488141
0.00440362
0.00507038
0.00538244
0.00510974
0.0051219
0.0041475
0.00368255
0.00426044
0.00444979
0.00380212
0.00332241
0.00285343
0.0030047
0.00357211
0.00409094
0.00385656
0.00531596
0.00596645
0.00567792
0.00555299
0.00748281
0.00993697
0.0143433
0.0172737
0.0192523
