0.0415238
0.0390024
0.0403888
0.0381624
0.0399814
0.0420723
0.0380317
0.0372862
0.0387432
0.0341266
0.03423
0.0367504
0.0334565
0.033917
0.0358638
0.0374776
0.0362806
0.0388521
0.042689
0.042459
0.0463668
0.049592
0.0491267
0.0462895
0.0470675
0.051021
0.0546841
0.0511537
0.0521527
0.0517635
0.0511482
0.0530847
0.0540254
0.0532078
0.0515432
0.0534842
0.0540979
0.052109
0.0473677
0.0504578
0.0504388
0.04961
0.0469196
0.0461234
0.0487601
0.0467396
0.0494378
0.049819
0.0450807
0.0425885
0.040565
0.0449392
0.0463189
0.0546099
0.0561674
0.0549702
0.0556476
0.0571606
0.0582245
0.0524277
0.0550163
0.0477607
0.0448136
0.0443774
0.0454734
0.0422431
0.0464896
0.0480886
0.047839
0.0487134
0.0485779
0.0517309
0.053517
0.0515437
0.0439983
0.0470717
0.053396
0.0546284
0.0556867
0.0463325
0.0462307
0.0432991
0.0470606
0.0499514
0.0509148
0.0535468
0.049336
0.0559665
0.0574537
0.0532726
0.0524244
0.0478182
0.0469339
0.0467063
0.0445433
