0.0284768
0.0223105
0.0204666
0.0237319
0.0247865
0.0279146
0.0311145
0.0307409
0.0340283
0.0290595
0.0283295
0.0288485
0.0243609
0.0240579
0.0242898
0.0248275
0.0265544
0.0315869
0.029257
0.0382277
0.0340605
0.0301755
0.0294281
0.0296109
0.0318921
0.0270508
0.0234006
0.0219013
0.0237989
0.0269016
0.0273736
0.0311711
0.0328151
0.0351336
0.0393487
0.0448538
0.0439016
0.0421849
0.0438314
0.0427315
0.0451847
0.0481047
0.0460299
0.0451246
0.0415221
0.0403535
0.0371711
0.0386674
0.0367749
0.0359958
0.0323546
0.0352452
0.0334694
0.0296944
0.0269804
0.0273144
0.0273244
0.0261487
0.0270081
0.0283684
0.0343916
0.0384472
0.0428596
0.0420516
0.0519471
0.0505519
0.0559894
0.0521876
0.0490748
0.0514869
0.0447271
0.0485029
0.0486484
0.0465927
0.0455661
0.0429184
0.0379551
0.0412746
0.0472166
0.0454724
0.0427692
0.0386149
0.0359232
0.0356729
0.0345197
0.0307868
0.0313733
0.0371676
0.0337403
0.0346224
0.0366493
0.0324631
0.0362121
0.0348945
0.0391358
