0.00945595
0.00894809
0.0082934
0.00807486
0.00644227
0.00539734
0.00463848
0.00398705
0.00413358
0.00365473
0.00347167
0.00331041
0.00287286
0.00272174
0.00289132
0.00309507
0.00348352
0.00348543
0.00571492
0.00773482
0.0107945
0.0110586
0.0105665
0.00982926
0.00843316
0.00765234
0.00831901
0.00777105
0.00804418
0.00867746
0.00935391
0.00810221
0.0071046
0.00560534
0.00528105
0.00533561
0.00497773
0.0075157
0.0086753
0.0109648
0.0114386
0.0130598
0.0132323
0.0130686
0.0130686
0.0122388
0.0098899
0.00838551
0.00799469
0.00885047
0.00883558
0.00864051
0.00847895
0.00810683
0.00778821
0.00673945
0.00558866
0.00508026
0.00688302
0.00911477
0.0109477
0.0114677
0.0127229
0.0147102
