0.0100053
0.0100433
0.00990177
0.0110347
0.0123698
0.0118499
0.0121545
0.0139771
0.0145652
0.0136718
0.0136512
0.0143071
0.0144534
0.015375
0.0146259
0.01569
0.0171623
0.016882
0.0185543
0.0167997
0.0175506
0.0187478
0.0188541
0.0176231
0.0200653
0.0198906
0.0190408
0.0197695
0.0205771
0.0194113
0.020702
0.0195058
0.020218
0.0194284
0.0192697
0.0212847
0.0225038
0.0227199
0.0215139
0.0222641
0.0207654
0.0228025
0.0216562
0.0190952
0.0194938
0.0189501
0.0194201
0.0175734
0.0191032
0.0228093
0.0222486
0.0234211
0.0263358
0.0265383
0.0262348
0.0291752
0.0259542
0.0267935
0.0291356
0.0287058
0.0238238
0.0212858
0.0183208
0.0186812
