0.00966374
0.00878734
0.00921602
0.00987021
0.00974789
0.00936958
0.00848187
0.00816774
0.00813569
0.00885469
0.00950442
0.0103148
0.0100096
0.0101384
0.0108488
0.0118653
0.0134038
0.0117563
0.0115721
0.0132243
0.0134239
0.0131806
0.0117103
0.0108585
0.00929168
0.0105763
0.0114864
0.0120957
0.0154907
0.0196187
0.0202982
0.0181984
0.0179853
0.0156655
0.0132258
0.0145803
0.0124194
0.014788
0.0157001
0.0154534
0.0139657
0.0131238
0.0179041
0.0163874
0.0162252
0.0159417
0.0161157
0.0166856
0.0166867
0.0159105
0.0118744
0.0126126
0.0123071
0.014266
0.0168519
0.0186866
0.0177095
0.0176938
0.0192225
0.0194517
0.0217732
0.0232576
0.0204719
0.0172149
