0.00820784
0.0592444
0.0549031
0.0522111
0.0469275
0.0409164
0.0342839
0.0303867
0.0607491
0.0559155
0.0467805
0.0409807
0.0305872
0.0228948
0.0188554
0.0162349
0.0131289
0.0111089
0.00926113
0.00964452
0.00831355
0.0124513
0.0144082
0.0172212
0.0173751
0.0167998
0.0203057
0.0193186
0.0165539
0.0144406
0.0110977
0.00888144
0.00804428
0.00765877
0.00650068
0.0058224
0.00551118
0.00483802
0.00492643
0.00457879
0.00461072
0.004544
0.00413332
0.00377905
0.00360481
0.00358572
0.0036292
0.00317465
0.00337991
0.00364685
0.00550047
0.00801464
0.00886451
0.0118809
0.0137305
0.0135738
0.0120608
0.0103584
0.00993179
0.00920524
0.00799705
0.00802528
0.00782355
0.00670972
0.0062329
0.00505822
0.00441032
0.00381195
0.00338252
0.00324924
0.00304535
0.00312876
0.00286953
0.00264335
0.00260481
0.0028523
0.00273873
0.00265627
0.0028696
0.00263454
0.00267216
0.00269007
0.0028543
0.00270415
0.00261123
0.0024789
0.00239545
0.00244375
0.00271606
0.00262302
0.00406925
0.00482309
0.0050222
0.00529448
0.00545481
0.00823613
0.0101467
0.0133125
0.0144024
0.0140065
0.0173595
