0.00903484
0.216698
0.213715
0.197437
0.179361
0.156591
0.155089
0.140361
0.228137
0.208918
0.194917
0.183799
0.182337
0.181022
0.159655
0.138481
0.134868
0.117863
0.0888424
0.0876216
0.077667
0.0758664
0.0748914
0.0729378
0.0644492
0.0635852
0.0645806
0.0652887
0.0618044
0.0596413
0.0606653
0.0611162
0.0529214
0.0505554
0.0426456
0.0384498
0.0362627
0.033821
0.0300812
0.0313176
0.0323551
0.0320915
0.0333372
0.0338297
0.0336266
0.0334655
0.0302926
0.028499
0.0259256
0.0262404
0.0249783
0.0275638
0.0254112
0.0279107
0.0270744
0.0315763
0.0294437
0.0267741
0.0269931
0.0288494
0.029673
0.0303428
0.0300019
0.031864
0.0317151
0.0326075
0.0342749
0.0331523
0.0346534
0.0336633
0.0311361
0.0323953
0.0332805
0.0346233
0.0317113
0.0305024
0.0281372
0.0293482
0.0311096
0.0309175
0.0304737
0.0327476
0.0317446
0.0355938
0.0324426
0.0291382
0.0290852
0.0251523
0.0254817
0.0235359
0.0221074
0.0236662
0.0270922
0.0299412
0.027442
0.0338279
0.0360643
0.0365634
0.0350203
0.0358242
0.0336903
