0.0088519
0.196558
0.160579
0.123437
0.10296
0.089355
0.0832872
0.0808107
0.208792
0.185166
0.156473
0.13493
0.110275
0.0938966
0.0819639
0.0752408
0.0673991
0.0630296
0.058075
0.0498952
0.0356358
0.0321429
0.0333137
0.0329495
0.0268188
0.0227556
0.0203741
0.0193378
0.0225807
0.0269662
0.0301745
0.0253367
0.0282723
0.0305966
0.0278265
0.0247999
0.0243801
0.0218794
0.0220125
0.0195657
0.0187302
0.0179469
0.0164249
0.0170339
0.0176963
0.0170493
0.017772
0.0184568
0.0196514
0.0218017
0.0216211
0.0220025
0.0210189
0.0218165
0.0217791
0.0188159
0.0190833
0.0193059
0.0205089
0.0206931
0.0181645
0.0213656
0.0236306
0.0210753
0.0224031
0.0187716
0.0189588
0.0199247
0.0190689
0.0186376
0.0188339
0.0203169
0.0211711
0.0202498
0.0209979
0.023995
0.0254553
0.024747
0.0268904
0.0283131
0.0306951
0.0328842
0.0306465
0.0295265
0.0288255
0.0299842
0.028686
0.0312119
0.0315081
0.0311734
0.0342083
0.0321993
0.0310688
0.0294954
0.0310024
0.0318852
0.0290787
0.0263126
0.0267875
0.0288311
0.0261147
