0.0088952
0.00819209
0.00765562
0.00787196
0.061238
0.0560077
0.0508971
0.0437998
0.0379781
0.0312423
0.0275483
0.0246166
0.0234763
0.0157329
0.0125943
0.00859053
0.00731637
0.00727568
0.00771634
0.00853848
0.00771397
0.0081323
0.0122123
0.0115559
0.0134368
0.0145777
0.0175296
0.0165091
0.0199788
0.0206711
0.0192359
0.017695
0.0160127
0.016546
0.0134702
0.0112229
0.0107767
0.0104137
0.00990797
0.0106499
0.0117697
0.0147551
0.0145271
0.0120484
0.0121178
0.0111678
0.0116444
0.0159097
0.0208735
0.0245826
0.0253935
0.030026
0.0302826
0.0281481
0.0307861
0.0268321
0.0273745
0.0249443
0.0239317
0.0223631
0.0219567
0.0201724
0.0209596
0.0215749
0.0203768
0.0188532
0.0205892
0.0188156
0.0149365
0.0140763
0.0142159
0.0138739
0.0125761
0.0106901
0.00802991
0.00823885
0.0057417
0.00546745
0.00463311
0.0044667
0.00359886
0.00395946
0.00583615
0.00614362
0.00564192
0.00695415
0.0070102
0.00678537
0.00646091
0.00586123
0.00646008
0.00822527
0.0112663
0.0128145
0.0130194
0.0147719
0.013045
