0.0113453
0.0150291
0.018344
0.0229325
0.239484
0.238154
0.236432
0.222869
0.207833
0.189987
0.181989
0.172816
0.145158
0.126566
0.116024
0.0838303
0.0790648
0.0781335
0.0754991
0.0782767
0.0722753
0.070484
0.0689022
0.0732074
0.0572312
0.0676205
0.068344
0.0377151
0.0413266
0.0480422
0.0558475
0.0544306
0.0579539
0.060142
0.0551401
0.0512056
0.0536374
0.0531366
0.0484903
0.0538911
0.0564001
0.059685
0.0611441
0.0590555
0.0639421
0.0674173
0.0678663
0.0904062
0.0795619
0.0787856
0.0709421
0.0715413
0.0767651
0.0829365
0.0803286
0.0733165
0.0710512
0.0650517
0.069455
0.0747573
0.0809619
0.0722584
0.0683523
0.0756663
0.0703292
0.0718569
0.0634529
0.0659576
0.0627412
0.0612316
0.0641304
0.0746267
0.0731639
0.0676404
0.0725676
0.0813785
0.0711617
0.0631475
0.054058
0.0433796
0.0399246
0.0406793
0.0428499
0.04487
0.0377759
0.035925
0.0395189
0.0372177
0.0381691
0.0368887
0.0339557
0.033193
0.0319163
0.0283569
0.0253682
0.026974
0.0242792
