0.00989375
0.00937962
0.010078
0.0107389
0.203411
0.178053
0.16996
0.145752
0.132036
0.116677
0.102243
0.110245
0.116326
0.0992452
0.0689424
0.0490694
0.0296009
0.0280622
0.0258317
0.0266011
0.0208108
0.0182454
0.0194693
0.0180268
0.018565
0.0184247
0.0164947
0.0128909
0.0148392
0.0147576
0.0169634
0.024291
0.0299995
0.0419247
0.043895
0.0458404
0.0516086
0.0539945
0.0613186
0.0707378
0.0862283
0.117464
0.133164
0.137812
0.15927
0.17709
0.190955
0.20715
0.18751
0.187061
0.155
0.143775
0.127599
0.101092
0.0973339
0.0686822
0.06722
0.0518348
0.0578614
0.0629483
0.0690392
0.0722989
0.0767107
0.0918192
0.0931189
0.104783
0.126483
0.13125
0.123509
0.131527
0.141666
0.174013
0.162293
0.138545
0.104438
0.118079
0.0734194
0.0676898
0.0416473
0.0341673
0.0335488
0.047828
0.0617537
0.049551
0.0335712
0.0465566
0.0409236
0.0282167
0.0234438
0.0251327
0.0290512
0.0450506
0.0652614
0.0624057
0.0747648
0.0254819
0.014379
