0.018317
0.0143448
0.0128283
0.0127247
0.00866388
0.00788543
0.00709186
0.00666545
0.00559022
0.00523089
0.00446263
0.00409455
0.0040903
0.00383979
0.00382137
0.00348129
0.00336309
0.00360809
0.00320187
0.00550044
0.00567317
0.00900326
0.0133113
0.0157058
0.0191518
0.0192616
0.0177326
0.0192132
0.0161482
0.0151647
0.0127752
0.0103181
0.00942913
0.00748007
0.00660486
0.00621505
0.00554141
0.00619709
0.00481012
0.00501159
0.0044967
0.00381667
0.00370108
0.00270318
0.00266599
0.00296425
0.00340702
0.00323534
0.00577303
0.00808498
0.0112803
0.0134195
0.0154962
0.0168227
0.0157935
0.0144654
0.0127537
0.0122838
0.0110728
0.00959943
0.00896173
0.00992896
0.00914809
0.00769879
0.00755215
0.00787553
0.0073881
0.00682544
0.00666816
0.00463543
0.00338633
0.00313792
0.00303266
0.00293319
0.00293075
0.00293213
0.00282313
0.00266845
0.00274865
0.00273066
0.00282772
0.0031506
0.00352349
0.00370525
0.0040978
0.00471382
0.00490327
0.00623531
0.00586001
0.00588821
0.00953832
0.0107249
0.0113552
0.0138054
0.0169295
0.0162536
