0.0213306
0.0244671
0.0223409
0.0234715
0.02377
0.0238739
0.0248746
0.0245632
0.0233526
0.0274802
0.0316592
0.0270018
0.0263889
0.0283781
0.0312753
0.0314288
0.0309511
0.0304364
0.0281873
0.0374057
0.0398874
0.0401509
0.0415863
0.039782
0.0418648
0.0403549
0.0415256
0.0402061
0.0398133
0.0395338
0.039016
0.0402458
0.0407088
0.0426202
0.035539
0.0383575
0.0378664
0.0363778
0.0381453
0.0381565
0.0363247
0.0374099
0.036841
0.0330672
0.0378534
0.0391089
0.0386677
0.041305
0.0389327
0.0325273
0.0324664
0.0319484
0.0325252
0.0337269
0.0312139
0.0342987
0.0315916
0.0362368
0.0378183
0.0394735
0.0392026
0.0396966
0.042215
0.0406225
0.0374806
0.0321831
0.0364639
0.0348783
0.0336227
0.0327724
0.0316961
0.0338192
0.0329972
0.0291899
0.0259352
0.0265123
0.0287658
0.032931
0.0328683
0.0298011
0.0285347
0.0334038
0.0357714
0.044433
0.0449438
0.0334536
0.0324553
0.0349789
0.0319824
0.0318943
0.0351046
0.0320412
0.027036
0.0236929
0.0227514
0.0225566
