0.00907532
0.00943954
0.0625322
0.057549
0.0542524
0.0497229
0.0390888
0.0334857
0.028543
0.0264007
0.0245006
0.0198367
0.0144995
0.0107479
0.00960233
0.00817064
0.00705403
0.00960987
0.00797849
0.00872928
0.00917724
0.0121188
0.0143026
0.0141745
0.0161763
0.0165118
0.0133842
0.0129051
0.0118218
0.00901242
0.00797549
0.0076562
0.0063475
0.00601781
0.00583973
0.00643397
0.00624016
0.00584828
0.00505529
0.00453137
0.00446764
0.00433259
0.00405432
0.00393359
0.00396265
0.00398104
0.00453387
0.00510757
0.0125936
0.0165908
0.0204481
0.0221417
0.0211646
0.0222584
0.0213474
0.0220866
0.020023
0.0169405
0.0173065
0.0141681
0.0149301
0.0121692
0.0113718
0.00989399
0.00910357
0.0087634
0.00702104
0.00693971
0.00600084
0.00513322
0.00441885
0.00397684
0.00382302
0.00354083
0.00296191
0.00299083
0.00283702
0.0029507
0.00295219
0.00310487
0.00281811
0.00317377
0.00373039
0.00401428
0.00414335
0.00730574
0.00738052
0.0131282
0.0127048
0.0107011
0.0102713
0.00958604
0.00998173
0.0110696
0.0137595
0.0162192
0.0164584
0.0178775
0.0197321
