0.0106804
0.0158563
0.226947
0.225374
0.218746
0.197952
0.182825
0.173904
0.152803
0.143891
0.133376
0.135704
0.126957
0.128278
0.117314
0.1101
0.108711
0.103314
0.0980436
0.0921146
0.0920304
0.0963221
0.0918985
0.0891733
0.0782242
0.0847317
0.0851393
0.07815
0.064786
0.0661786
0.0661079
0.0622761
0.066542
0.0567036
0.0527404
0.05197
0.0489092
0.0504737
0.0482956
0.0428502
0.042269
0.0391763
0.0403117
0.0441705
0.0459208
0.0427367
0.0391846
0.0363629
0.0396193
0.0367635
0.0307747
0.0290675
0.0292227
0.0297646
0.0309267
0.0324736
0.0302631
0.030956
0.0312395
0.0299006
0.028011
0.029484
0.0316435
0.0312699
0.0327278
0.0363842
0.0387575
0.0376546
0.0400434
0.0383301
0.0420508
0.0364286
0.0408115
0.0409066
0.0368242
0.0346808
0.0329704
0.0328763
0.0394931
0.0385247
0.0376298
0.0402774
0.0399091
0.0347325
0.0290766
0.0316421
0.0291925
0.0295816
0.0339872
0.0350009
0.0364399
0.033153
0.0341979
0.035112
0.0351489
0.0329406
0.02655
0.0209455
0.0196409
