0.00902356
0.00981384
0.206503
0.157024
0.121445
0.0945176
0.0810615
0.0787152
0.0782393
0.0885981
0.099273
0.0914377
0.0716038
0.0557263
0.0504981
0.0443447
0.0397537
0.0361738
0.030472
0.0330026
0.0295735
0.0295261
0.0278431
0.0279619
0.0237294
0.0181114
0.0161456
0.0189866
0.027617
0.0240912
0.0213361
0.0179307
0.0170865
0.0164088
0.0188604
0.0200491
0.0211687
0.022727
0.0233698
0.0250265
0.0262862
0.0257339
0.023808
0.0282192
0.0309611
0.0343307
0.0420778
0.0463598
0.0528696
0.0589496
0.0603095
0.0567079
0.0524531
0.0497223
0.0424083
0.0402986
0.0386366
0.0403731
0.0417438
0.038623
0.0389932
0.0389682
0.0423596
0.0438423
0.0463613
0.0509514
0.0484161
0.0479442
0.0422528
0.0336445
0.0267587
0.0247417
0.0223843
0.0228148
0.0211878
0.020099
0.0180275
0.017893
0.0196776
0.0197608
0.0176403
0.0198808
0.0238873
0.0263605
0.0280299
0.0289929
0.0254994
0.0342384
0.0346178
0.0389803
0.0409136
0.0411266
0.0482239
0.0439699
0.0442765
0.0416972
0.0391978
0.0391774
0.0353661
