0.0211117
0.0222502
0.0174068
0.0138999
0.013354
0.0111977
0.0103555
0.00874556
0.00669846
0.00658823
0.00662983
0.00548462
0.00560016
0.00571529
0.00450516
0.00457871
0.00434969
0.00373083
0.00407023
0.00435863
0.00424485
0.00640144
0.00874506
0.0105449
0.011283
0.012093
0.0153772
0.0143287
0.0130186
0.0122149
0.0114245
0.0112584
0.0109219
0.00972821
0.00816186
0.0077372
0.00614215
0.00551798
0.00422527
0.00331634
0.00330126
0.0029809
0.00273948
0.00288854
0.00231595
0.00213027
0.00223267
0.00416426
0.00759304
0.00950412
0.0100701
0.0114818
0.0129174
0.0113352
0.0110189
0.0100137
0.00839948
0.00689879
0.00647012
0.00672406
0.00686476
0.00658305
0.00683189
0.00546209
0.00472736
0.00458472
0.00369701
0.00330548
0.00332327
0.00285316
0.00293446
0.00320102
0.00265879
0.00244212
0.00260238
0.00276102
0.00278646
0.00301534
0.00314478
0.003242
0.00313132
0.00296646
0.00670864
0.00860108
0.00981884
0.0112233
0.0111405
0.0118992
0.0104275
0.0096896
0.00750047
0.0100802
0.0128452
0.0141312
0.0141646
0.0138129
0.0162402
