0.0398555
0.0453138
0.048384
0.0455868
0.0454904
0.0484736
0.0469433
0.0423025
0.0433263
0.0404588
0.0409979
0.0436595
0.044906
0.0456073
0.0499213
0.0456813
0.042461
0.0443824
0.0397376
0.0399735
0.0434821
0.0398181
0.0413787
0.0380571
0.0400417
0.0384203
0.0359204
0.0332449
0.0323815
0.031068
0.033121
0.0361603
0.0397771
0.0403733
0.0399241
0.0448037
0.0429437
0.0476626
0.0487635
0.0491004
0.0502818
0.0470881
0.0465805
0.0447214
0.0474653
0.0452311
0.0441644
0.039468
0.0376369
0.035946
0.0359745
0.0366436
0.0451067
0.0421543
0.0449303
0.0462816
0.0429858
0.0401116
0.0396816
0.0401999
0.037252
0.0375373
0.0376624
0.0374791
0.0383383
0.0360068
0.0340267
0.0361848
0.0345344
0.0314075
0.0359697
0.0394184
0.0336741
0.0289388
0.0309932
0.0305139
0.0313447
0.0301605
0.0264831
0.0269835
0.0331448
0.0316977
0.033806
0.0358323
0.0301271
0.0298674
0.0282702
0.0286369
0.0301926
0.0287756
0.0280207
0.0289895
0.0295311
0.0289745
0.0285617
0.0213109
0.0209629
