0.0142447
0.0118805
0.0115562
0.0115026
0.0103246
0.00876382
0.00766583
0.00684332
0.0063359
0.00522486
0.00469882
0.00379459
0.00406559
0.00404296
0.00394785
0.00340656
0.00348335
0.00343291
0.00318934
0.00540623
0.0060609
0.00870385
0.00955795
0.0133909
0.0163414
0.0175653
0.0186913
0.0187557
0.019173
0.0180436
0.0157361
0.0145026
0.0127622
0.0115112
0.00908734
0.00804477
0.00762125
0.00723603
0.00629991
0.00724856
0.00525292
0.00389488
0.003852
0.00299651
0.00303418
0.00312123
0.00323287
0.00319865
0.00350977
0.00609822
0.00772846
0.00870395
0.012024
0.013392
0.0114129
0.011266
0.0114106
0.00952978
0.00919358
0.00847849
0.0068117
0.00634495
0.00603077
0.00580272
0.0060412
0.00599499
0.00507077
0.00546265
0.0053182
0.00398463
0.00365116
0.00310196
0.00289735
0.00289186
0.00287476
0.00246373
0.00258966
0.0023036
0.0021355
0.00178492
0.00164326
0.00188947
0.0022191
0.00213309
0.00226593
0.00210067
0.00218975
0.00231473
0.0132178
0.0131984
0.017218
0.0169414
0.0144459
0.0128511
0.00947259
0.00872386
0.0114689
0.0134186
0.0152102
0.0143794
0.0141504
