0.0247266
0.0258568
0.0268167
0.0250054
0.0276286
0.0276724
0.0272725
0.0241622
0.0213755
0.0222467
0.024938
0.0217676
0.0207455
0.0224731
0.0227474
0.0236386
0.0235241
0.0249573
0.0232635
0.025047
0.025849
0.0261148
0.0259115
0.0275057
0.0285501
0.0306203
0.034611
0.0362322
0.0397555
0.0413569
0.042599
0.0451429
0.043383
0.0350805
0.0335403
0.034256
0.0355302
0.0346877
0.0320067
0.0300229
0.0300399
0.0296849
0.0309837
0.0297608
0.0302699
0.0297643
0.0305513
0.0293543
0.0291275
0.0357301
0.03252
0.0311457
0.0300514
0.0239608
0.0264838
0.028416
0.0294149
0.0297694
0.026515
0.0272963
0.0275598
0.0279913
0.0300427
0.0268295
0.031346
0.0314408
0.0312796
0.0328043
0.0338798
0.0348976
0.0317817
0.0265431
0.0264818
0.0223897
0.022784
0.0205378
0.0197791
0.0182998
0.0153014
0.0150122
0.0134586
0.0142272
0.016336
0.0164538
0.0174121
0.0187998
0.0196083
0.0232197
0.0384121
0.040167
0.0378824
0.0415269
0.0397929
0.0317351
0.0301383
0.0270205
0.0260145
0.0310047
0.0292912
0.0239022
0.0228765
