0.013882
0.0128428
0.0122981
0.0132564
0.015107
0.0162534
0.0172102
0.0173642
0.0176817
0.0156624
0.0157563
0.0124623
0.0145281
0.0117538
0.0114608
0.0117905
0.0123958
0.0124166
0.0115934
0.0126686
0.0155271
0.0180423
0.018334
0.0153142
0.0171553
0.0154973
0.0135885
0.0134198
0.0159256
0.0149419
0.0148117
0.0175182
0.0185925
0.0219251
0.0236397
0.0262445
0.0280449
0.0303561
0.0329176
0.0416659
0.0349558
0.0298245
0.0298365
0.0266291
0.02522
0.0240755
0.0243956
0.0223539
0.0225643
0.0236371
0.0190443
0.0155792
0.0169033
0.0162882
0.0144314
0.0150887
0.0165473
0.0173956
0.0186283
0.0199635
0.0222164
0.0251006
0.0248232
0.0262586
0.0312678
0.0379914
0.0348048
0.0430034
0.0490311
0.0405118
0.0371672
0.0267134
0.0271824
0.021037
0.0171108
0.01551
0.0146198
0.0113146
0.0102519
0.00746488
0.00699459
0.00706907
0.00808985
0.00888304
0.0100112
0.0104734
0.0101896
0.0101863
0.0113966
0.0128377
0.0188758
0.0180766
0.0223056
0.0237434
0.0251714
0.0297459
0.031354
0.0293681
0.0296744
0.0288355
0.0283101
