0.00869316
0.0117945
0.248037
0.224666
0.220546
0.210249
0.190862
0.177473
0.168532
0.148018
0.137551
0.137494
0.121267
0.101263
0.100851
0.0930812
0.0759704
0.0760017
0.0662989
0.0573983
0.051946
0.0508162
0.0378306
0.0385714
0.0332813
0.0290834
0.0303223
0.0315151
0.0335735
0.0325644
0.0350328
0.033573
0.0376296
0.0355192
0.0346432
0.036974
0.0345692
0.0302646
0.0327158
0.0284893
0.0242067
0.0231296
0.0213871
0.0220069
0.0272917
0.0262529
0.0254535
0.0256896
0.0260248
0.0251368
0.0263687
0.0273776
0.0277093
0.0282311
0.0285367
0.031072
0.0367986
0.0357361
0.033738
0.0313836
0.0252748
0.0295358
0.0324491
0.0357543
0.0345668
0.0315301
0.0289561
0.0262812
0.0239667
0.0236792
0.027382
0.0295002
0.031883
0.0305022
0.035525
0.0298716
0.0297759
0.0267066
0.0243535
0.0212679
0.0206838
0.0205926
0.0208951
0.0200069
0.0206261
0.0193768
0.0191048
0.0184004
0.0186226
0.0192787
0.0185234
0.0284845
0.025967
0.0261255
0.0215097
0.0227948
0.0197206
0.0194344
0.0217163
0.0226631
0.0257535
0.0279005
0.0297685
0.0285805
0.025851
0.0253384
