0.0170338
0.0166005
0.015777
0.0133802
0.0115645
0.0115476
0.0108152
0.0087143
0.00615733
0.00558257
0.00497457
0.00502246
0.00507344
0.00426148
0.00348426
0.00316739
0.00347387
0.0035056
0.00331044
0.00322802
0.00514288
0.00493415
0.00770361
0.0100635
0.011323
0.0111223
0.0113989
0.0133258
0.0114559
0.0105687
0.0114826
0.0115483
0.00962446
0.00735432
0.00601777
0.00520277
0.00450044
0.00406288
0.00426097
0.00440605
0.00405052
0.00352818
0.00374281
0.0037191
0.00338243
0.00325297
0.0031164
0.00365144
0.00367213
0.00392822
0.00404603
0.00562789
0.00882005
0.0109355
0.0139567
0.0177298
0.0156554
0.0163546
0.0147198
0.0145776
0.012891
0.011535
0.0106002
0.0101944
0.00956587
0.00794662
0.00801914
0.00710329
0.00623466
0.00609997
0.00507811
0.00482389
0.00425677
0.00368314
0.00347565
0.00330892
0.00345406
0.00278659
0.00317735
0.00299224
0.00268712
0.00253235
0.00248951
0.00258117
0.00255384
0.00236559
0.002588
0.00264023
0.0028143
0.00275775
0.00274802
0.0031926
0.00418018
0.00603791
0.00573418
0.00579939
0.00619623
0.00607261
0.00696327
0.0102383
0.0115167
0.0130941
0.0145032
0.0165056
