0.0314849
0.031232
0.0271502
0.0287584
0.029146
0.0272257
0.0299196
0.0302131
0.0312943
0.0342374
0.0359355
0.0349999
0.0322799
0.0305683
0.0316438
0.0316416
0.0343055
0.0340414
0.0305561
0.034237
0.0423092
0.0433253
0.0474554
0.0509876
0.0507703
0.0432383
0.0396552
0.042328
0.0427505
0.0403888
0.0438448
0.0441657
0.0427462
0.0378277
0.0391828
0.0399645
0.0373709
0.0383024
0.037394
0.0353417
0.0371938
0.0379491
0.0321631
0.0341204
0.03569
0.0321591
0.0339585
0.0333133
0.028128
0.0251791
0.0296717
0.0280755
0.025183
0.0271308
0.0272997
0.0299995
0.0285178
0.0290444
0.0320239
0.029749
0.0300887
0.0270031
0.0273354
0.0290354
0.0316236
0.0336945
0.035133
0.0319611
0.0278561
0.0281327
0.0305151
0.0272828
0.0278482
0.0297718
0.0294611
0.0308998
0.0318035
0.0322336
0.0295379
0.0261404
0.0260478
0.0250499
0.0265368
0.0289305
0.0307948
0.0276071
0.0254013
0.0265994
0.0251135
0.0271777
0.0268021
0.0329403
0.0265797
0.026016
0.0271525
0.0238998
0.0259054
0.0281146
0.0247289
0.0234748
0.0239477
0.0222208
0.0220509
0.0232493
