0.0293728
0.0280981
0.0254713
0.0234873
0.0229808
0.0239799
0.0238687
0.0250758
0.028126
0.0245777
0.0250654
0.0251212
0.0260948
0.0253976
0.0231918
0.0217356
0.0237907
0.0247645
0.0229011
0.0239363
0.0238917
0.0211715
0.0210156
0.0217973
0.0202919
0.0186176
0.0179947
0.0153595
0.0158465
0.0163489
0.0187674
0.0219784
0.020855
0.0203894
0.0172943
0.0157764
0.0166248
0.0145101
0.0178422
0.0201081
0.0207889
0.0213374
0.0218971
0.0235069
0.0225335
0.0242834
0.0264179
0.0280998
0.0294274
0.0342718
0.0362703
0.0393614
0.037508
0.0412628
0.0403991
0.0398219
0.0359121
0.0335049
0.030242
0.0336349
0.0336183
0.0363107
0.03925
0.0387747
0.0346535
0.0337933
0.0385097
0.0351412
0.0349506
0.0364335
0.0316118
0.032335
0.0325366
0.0304694
0.0290536
0.0277574
0.032355
0.0268113
0.0264774
0.0263055
0.0238275
0.022203
0.0211901
0.0227088
0.0221526
0.0222136
0.0221986
0.0242124
0.0259965
0.0268286
0.0283889
0.0284335
0.0325939
0.0290586
0.0316147
0.0303745
0.033468
0.0369478
0.0346143
0.0332453
0.0317424
0.0325881
0.0302768
0.0264764
