0.0185814
0.0221286
0.0217467
0.0204655
0.017991
0.0161357
0.0146966
0.0133838
0.0128121
0.0104741
0.00874001
0.00727044
0.00629025
0.00585794
0.00474625
0.00480263
0.00738719
0.00729732
0.00770274
0.00905502
0.0109879
0.0111402
0.0128156
0.0140532
0.0148905
0.0152019
0.0142801
0.0123574
0.0104269
0.00987597
0.0105481
0.00942667
0.00877725
0.00785151
0.00762301
0.00743861
0.00696503
0.00626625
0.00533085
0.00392344
0.00347646
0.00348815
0.00310274
0.00286617
0.00603024
0.00867686
0.00980105
0.0117839
0.0138224
0.0153145
0.0152777
0.0124355
0.012495
0.0113226
0.0107911
0.00948759
0.00748148
0.00676084
0.00531743
0.00456507
0.00336256
0.00323826
0.00315285
0.00324355
0.0035538
0.00327844
0.0031754
0.00334795
0.00372012
0.00397963
0.00399548
0.00383755
0.0036574
0.00379756
0.00389631
0.00387958
0.00406459
0.00332487
0.0030992
0.0081539
0.00744084
0.00751962
0.00771976
0.00737677
0.00662524
0.00887796
0.0123912
0.0161198
0.0179458
0.0211117
