0.0624084
0.0469203
0.0420695
0.0434342
0.0436572
0.0509266
0.0439795
0.0511932
0.0490975
0.0492945
0.0466939
0.0426529
0.0409923
0.0386986
0.0348441
0.0367453
0.0352393
0.0358332
0.0362918
0.0356571
0.0318386
0.0304266
0.0312939
0.0314396
0.0293817
0.0280332
0.0247058
0.0271401
0.0274374
0.0285691
0.0294538
0.0299254
0.0338611
0.0365835
0.0424078
0.0422497
0.0393422
0.0490262
0.0450598
0.0430438
0.0399044
0.0364069
0.0322949
0.0348919
0.0409554
0.036482
0.0353859
0.0334495
0.0318202
0.0333017
0.0434598
0.0412198
0.0412402
0.0456712
0.0431129
0.0393424
0.0377607
0.0386006
0.0358304
0.0389538
0.0390943
0.0407239
0.0388149
0.0356447
0.0495512
0.0494802
0.0480742
0.0481195
0.0560892
0.0515808
0.0491903
0.0513584
0.0493017
0.0473503
0.0490591
0.0457942
0.0478174
0.0506216
0.0564592
0.056479
0.0545457
0.0538785
0.0428428
0.0403557
0.0416097
0.0386722
0.0403496
0.0416222
0.0445155
0.0398555
