0.0260409
0.0210337
0.0210109
0.0305666
0.0341581
0.0413274
0.0477462
0.048844
0.0508935
0.0479537
0.0415521
0.0364439
0.0319167
0.0277564
0.0230358
0.024968
0.0253182
0.0256686
0.0280448
0.0297512
0.0278593
0.0252398
0.0229837
0.0226598
0.019905
0.0188746
0.0206139
0.0159019
0.014588
0.0153113
0.0165263
0.0189591
0.0219308
0.02577
0.0288188
0.0283991
0.0277065
0.0308226
0.0258372
0.0222952
0.0218147
0.0203385
0.0195132
0.0197635
0.0153098
0.0162551
0.0135026
0.0144037
0.0127912
0.0120628
0.0138901
0.0146997
0.0159028
0.0188836
0.0205841
0.0238929
0.0232968
0.0255514
0.0217572
0.0239466
0.0181063
0.0191867
0.0180331
0.0162946
0.0161362
0.015877
0.0164442
0.016722
0.0164411
0.0160677
0.0166271
0.0169392
0.0200054
0.0204186
0.0246083
0.028507
0.0302626
0.0324198
0.0310743
0.0274028
0.028752
0.0269055
0.0289704
0.0313376
0.0301362
0.0282546
0.0293749
0.0310535
0.0304234
0.0311346
