0.0179423
0.0166169
0.0182133
0.0153145
0.0142561
0.0120456
0.0102807
0.00882735
0.0074524
0.00695566
0.00737173
0.00683194
0.00654014
0.00575141
0.00529501
0.00424896
0.00341522
0.00317074
0.00291167
0.00313926
0.0044696
0.00479881
0.00671896
0.00824022
0.0104354
0.0121022
0.015354
0.0172047
0.0174865
0.0162576
0.016744
0.0168842
0.0145476
0.0120653
0.0106388
0.0110131
0.00973619
0.0104177
0.00876504
0.00743453
0.00629587
0.00634957
0.00580257
0.00632082
0.00655348
0.00604545
0.00535635
0.00577026
0.00591925
0.00587749
0.0057933
0.00811875
0.0109202
0.0139299
0.0174894
0.0214159
0.0231182
0.0210377
0.0192325
0.017938
0.0207823
0.0195535
0.0184583
0.0170327
0.0168388
0.0176778
0.0185895
0.0177253
0.0171916
0.0174064
0.0181267
0.0190355
0.0151956
0.0141991
0.0103714
0.0081858
0.00667847
0.00486034
0.00352965
0.00225193
0.00204725
0.00240482
0.002292
0.00235739
0.00205119
0.00205938
0.00217053
0.00197618
0.00198468
0.0020428
0.00262835
0.00538911
0.00578264
0.00894342
0.00916346
0.00874074
0.00782857
0.00750403
0.00672025
0.00913701
0.00855405
0.0104956
0.0139961
0.0164879
0.0166663
