0.0302451
0.0304626
0.0314407
0.0323352
0.0363478
0.0347685
0.0287144
0.0281681
0.0269018
0.0243655
0.0257495
0.027082
0.0249643
0.022192
0.0227242
0.0218588
0.0213332
0.0198002
0.0192684
0.0197608
0.0244107
0.0246627
0.0272053
0.0280828
0.0273606
0.0259257
0.0264345
0.0318847
0.0299083
0.0331934
0.0390185
0.0374667
0.0396861
0.0378703
0.0387562
0.0391079
0.0406849
0.0375139
0.0394657
0.0384671
0.0364198
0.0330491
0.0317926
0.0361268
0.0376197
0.0363392
0.0328217
0.0342493
0.03159
0.0368912
0.0392013
0.039411
0.0403728
0.0408093
0.040619
0.0447149
0.0456111
0.0524599
0.0500619
0.0494016
0.0588597
0.0625033
0.0615541
0.0660561
0.0736547
0.08388
0.0910822
0.0981795
0.0893164
0.091903
0.0952953
0.0942672
0.0876608
0.0951447
0.0930562
0.0723534
0.0594007
0.054924
0.0560278
0.0425467
0.0406684
0.0307649
0.0294387
0.0272348
0.0283389
0.0265882
0.0255847
0.0258241
0.0235942
0.0198316
0.0207632
0.0216165
0.0201873
0.017712
0.0169091
0.0203423
0.0204539
0.0217597
0.0220001
0.0256907
0.0285988
0.0273794
0.0277301
0.028834
0.0275844
