0.0181031
0.0157627
0.0147788
0.0157197
0.016556
0.0160797
0.0178215
0.0172351
0.0182357
0.0212259
0.0237107
0.0247833
0.0271504
0.0233931
0.0235633
0.0210446
0.0160396
0.0159456
0.0156337
0.0165061
0.0169802
0.0174077
0.0166525
0.0167797
0.018017
0.0160026
0.0141738
0.0117898
0.0113568
0.0137787
0.0176947
0.0178872
0.0201076
0.021868
0.0266911
0.0290857
0.0384391
0.0506089
0.0494061
0.0518748
0.0486101
0.0554874
0.0551417
0.0603946
0.0708375
0.0706758
0.0694865
0.0835381
0.0823168
0.0941661
0.103649
0.0990242
0.0980747
0.0987963
0.0962608
0.10002
0.0888881
0.0836039
0.0709823
0.0642255
0.0643937
0.0622228
0.0611965
0.050613
0.0501256
0.0502104
0.0424799
0.0446365
0.0460219
0.0475722
0.0500607
0.0617986
0.0557285
0.0527382
0.0356971
0.0358118
0.0346354
0.028369
0.0258787
0.0170308
0.0147463
0.0163573
0.0119442
0.0137141
0.0111494
0.0109915
0.0114197
0.012001
0.0138878
0.0145433
0.013701
0.0153354
0.0148743
0.0172732
0.0149995
0.0159162
0.0155993
0.0172661
0.0169112
0.0206887
0.0193831
0.0189328
0.0227456
0.0235971
0.0219147
