0.0101697
0.0112957
0.014399
0.0172673
0.0225578
0.0259034
0.0307328
0.0328998
0.0343531
0.0370882
0.0433967
0.0509249
0.0503528
0.0525786
0.0519489
0.0502927
0.052062
0.0508863
0.0620546
0.0632858
0.0661803
0.0643963
0.0725449
0.0714573
0.0723079
0.0695497
0.0802166
0.0789505
0.0934422
0.119325
0.144471
0.163838
0.160458
0.16049
0.145198
0.154421
0.153432
0.139608
0.133253
0.125682
0.113553
0.112092
0.105018
0.102414
0.111959
0.131142
0.128373
0.119383
0.12389
0.124123
0.110552
0.108937
0.110461
0.113985
0.122719
0.124056
0.113828
0.104026
