0.0108002
0.0119169
0.0145756
0.0171148
0.022444
0.0248689
0.0287561
0.0317164
0.0370224
0.0483671
0.0570873
0.0701278
0.0763166
0.0889833
0.0832972
0.0817581
0.0765576
0.0690461
0.0536101
0.0460255
0.0403315
0.0411388
0.0419019
0.0492238
0.0489929
0.0495376
0.0509166
0.052304
0.0571564
0.0572569
0.0662217
0.0672891
0.0688909
0.0556864
0.0487962
0.0461221
0.0462615
0.0359944
0.0377802
0.0385187
0.0383604
0.0406425
0.0443021
0.0490592
0.0476083
0.0513251
0.0552468
0.0726493
0.0799589
0.0944843
0.115157
0.143086
0.139964
0.14778
0.161586
0.17329
0.171242
0.170064
