0.00918993
0.00922009
0.00841138
0.0084145
0.00885255
0.00839817
0.00795095
0.00786865
0.00732134
0.00854376
0.0088061
0.00973935
0.00902193
0.0108981
0.013376
0.0167934
0.0196548
0.0186421
0.0191907
0.0197886
0.01827
0.0179692
0.0173551
0.0171017
0.0170728
0.0176847
0.0206159
0.0190762
0.0201928
0.0202358
0.0202336
0.0208744
0.0222188
0.0229497
0.0254817
0.0294083
0.0332926
0.0332313
0.0355531
0.0318378
0.0287822
0.027865
0.0278366
0.0264553
0.025849
0.0237296
0.0231897
0.0233821
0.0208818
0.0225819
0.0224048
0.023492
0.0261269
0.0279286
0.0316652
0.03333
0.0340608
0.0372508
