0.0107348
0.0115285
0.240155
0.222949
0.215711
0.184073
0.186685
0.190599
0.184954
0.175547
0.167305
0.135912
0.125603
0.105765
0.0916042
0.0871362
0.0783353
0.0599559
0.0516644
0.0504638
0.0514857
0.0514932
0.0513124
0.0493978
0.044441
0.0450619
0.0456421
0.043853
0.0451528
0.0457245
0.0463402
0.0464366
0.0460534
0.0417863
0.0431053
0.0372159
0.0362281
0.0351654
0.0347661
0.0340862
0.0323021
0.0317437
0.0270421
0.0279504
0.0284978
0.02708
0.0261848
0.0265584
0.0263079
0.0271277
0.0269456
0.0288266
0.0261819
0.0247679
0.02128
0.0209322
0.023558
0.0222405
0.0231078
0.0235087
0.0226073
0.0218167
0.0241767
0.0280072
0.0295891
0.0262953
0.0239724
0.0202202
0.0206582
0.0193436
0.0165733
0.0143045
0.0134221
0.0156185
0.0191071
0.0203952
0.0168992
0.0161462
0.0183422
0.0191043
0.0177805
0.0196265
0.0231955
0.0269861
0.0284954
0.0302524
0.027912
0.0269543
0.0290459
0.0290009
0.0289013
0.0328613
0.0311891
0.0284466
0.025819
0.0312534
0.0306642
0.0277563
0.0265787
0.0241931
0.0261336
0.0280056
0.0283868
0.0265858
0.0202017
0.0216664
