0.00953532
0.00974098
0.212438
0.187383
0.184121
0.168682
0.141654
0.123756
0.133965
0.134934
0.1308
0.146417
0.1478
0.13744
0.143722
0.135176
0.120647
0.0941155
0.079516
0.0586647
0.050399
0.0367808
0.0355291
0.0287693
0.0236105
0.020383
0.0189186
0.016551
0.0142328
0.0135416
0.014969
0.0150203
0.0178508
0.0195445
0.0209937
0.0234919
0.0212833
0.0199461
0.0209185
0.0219563
0.019282
0.0191815
0.0180584
0.0140608
0.017491
0.0100396
0.00885344
0.00904072
0.0114671
0.011511
0.0117882
0.00940586
0.00771435
0.00921327
0.0112738
0.0112859
0.0116089
0.0103908
0.0114104
0.0133289
0.0164206
0.0180767
0.0204176
0.0189068
0.0209841
0.0209066
0.0232094
0.0253769
0.0252843
0.0241033
0.024977
0.0199367
0.0224719
0.0246358
0.0255961
0.0283013
0.0265037
0.0267041
0.0264151
0.0285961
0.0343897
0.0395285
0.0376347
0.0387279
0.0336798
0.0365752
0.0327714
0.0281459
0.0263628
0.0256962
0.0256876
0.0273901
0.0297137
0.0252573
0.0216541
0.0181693
0.0184806
0.0212464
0.020709
0.021577
0.0182056
0.0156362
0.0150566
0.017785
0.0196294
0.0161446
