0.0128693
0.0125537
0.0111916
0.0103688
0.00878768
0.00856919
0.0083389
0.00803687
0.00618661
0.00560979
0.00523001
0.00525911
0.00595667
0.00607237
0.00581099
0.00584914
0.00840355
0.00784796
0.00648112
0.00859504
0.0125751
0.0158913
0.0176607
0.0182865
0.017123
0.0190581
0.0227603
0.0236233
0.0189703
0.0158493
0.0145614
0.014352
0.0122089
0.0084838
0.00689887
0.00502804
0.00478059
0.00423029
0.00440093
0.00399926
0.003968
0.00392065
0.00417509
0.00818164
0.0104053
0.0124928
0.0137294
0.0149086
0.0151452
0.0134896
0.0113725
0.0109016
0.0101109
0.00969599
0.00933617
0.00949983
0.00863925
0.0093708
0.00795297
0.00688667
0.00585276
0.00555465
0.00550058
0.00560338
0.00559877
0.00636761
0.00661345
0.0070124
0.00631776
0.00591277
0.00595355
0.00583958
0.00673637
0.011805
0.0120292
0.0171772
0.0156111
0.013915
0.0141051
0.0155874
0.0157236
0.0192611
0.0174809
0.0217676
0.0199744
0.0215233
