0.023961
0.0223076
0.0251282
0.0266602
0.0264632
0.028726
0.0332537
0.0284828
0.0347028
0.0311337
0.0377486
0.0413132
0.0386062
0.0422687
0.0509338
0.0504087
0.0487529
0.0496927
0.0524396
0.0500083
0.0446534
0.0438233
0.0459027
0.0479574
0.048126
0.0437288
0.0413754
0.0403505
0.0453109
0.0454459
0.049992
0.0596188
0.0563804
0.0573898
0.0600168
0.0516634
0.0514255
0.0467925
0.0448314
0.0410073
0.0453531
0.044796
0.0480425
0.0521135
0.0453288
0.0387254
0.0374929
0.0382113
0.0472518
0.0530616
0.05377
0.0573002
0.0574512
0.0666461
0.0710121
0.0673868
0.0742193
0.075339
0.0726218
0.0654271
0.0605846
0.0644123
0.0642046
0.063451
0.059071
0.0621895
0.0602559
0.0592973
0.0524968
0.0568616
0.0490792
0.0479429
0.0518355
0.0612007
0.0563465
0.0492598
0.0487983
0.0444315
0.0513133
0.0534845
0.0610668
0.0531338
0.0448564
0.0430314
0.037191
0.0340569
