0.0146342
0.0138915
0.0129029
0.0150954
0.0149697
0.0164381
0.0184739
0.0217932
0.0209459
0.0214359
0.0220267
0.0235095
0.0274007
0.0251234
0.0243569
0.0257386
0.0256741
0.0273987
0.0233354
0.0214239
0.0197363
0.0197438
0.0196042
0.0176373
0.01621
0.0192238
0.025073
0.0220407
0.0240583
0.029503
0.0342457
0.0417183
0.0452711
0.0351199
0.0301168
0.0259085
0.0236694
0.0187738
0.0182115
0.0170797
0.0156517
0.0165979
0.0172631
0.0204115
0.0195566
0.0164185
0.0150387
0.013891
0.00984397
0.011659
0.0139171
0.0182664
0.0208089
0.0251807
0.0322188
0.0388241
0.0366461
0.0501098
0.0464325
0.0504059
0.0449083
0.0410379
0.0327542
0.02601
0.0234494
0.0291219
0.0319531
0.0354281
0.0293768
0.0285418
0.0292238
0.0286942
0.0367093
0.0297812
0.0277625
0.0412876
0.0361557
0.0331924
0.0376376
0.0417001
0.037313
0.035714
0.0341286
0.0361155
0.0368479
0.0337519
