0.00998956
0.0631406
0.0566573
0.0527015
0.0504096
0.0443804
0.040558
0.034564
0.0305543
0.0240649
0.0203801
0.0166843
0.0107279
0.00922742
0.00783098
0.00622556
0.00577464
0.00634275
0.00437617
0.00687113
0.0100001
0.0124928
0.0143094
0.0161363
0.0168339
0.0147833
0.0148634
0.0125076
0.0132067
0.013322
0.0145168
0.0129888
0.0128546
0.0122632
0.0115182
0.0112181
0.0107442
0.010165
0.0105883
0.0107911
0.00986292
0.00825948
0.00836342
0.00746241
0.00981434
0.0132287
0.0142879
0.0171109
0.0210802
0.020594
0.0206972
0.0197361
0.0197603
0.0174056
0.0161932
0.0159064
0.0151069
0.0153659
0.014582
0.0117421
0.0111999
0.0112315
0.010678
0.0103319
0.00989657
0.00814289
0.00800403
0.00788351
0.00788978
0.00867488
0.00873265
0.00698977
0.00796536
0.00635794
0.00634613
0.00598467
0.00711312
0.00731035
0.00835532
0.0110669
0.00854569
0.00762066
0.00634021
0.00702418
0.00838162
0.00977313
0.0127771
0.0147732
0.016859
