0.010087
0.237197
0.226237
0.213664
0.195549
0.194767
0.188309
0.181375
0.179853
0.160061
0.153748
0.129432
0.101462
0.110211
0.0919761
0.0825562
0.0688228
0.0780616
0.0705073
0.0675869
0.0613488
0.0488442
0.048702
0.0452903
0.0436243
0.0431782
0.0491067
0.0437133
0.0453423
0.0459421
0.0454461
0.0478358
0.0488786
0.0462869
0.0461543
0.0508156
0.0546935
0.0622478
0.0622907
0.0628259
0.0695655
0.069709
0.0686812
0.0800855
0.0844244
0.0989581
0.0908564
0.0991779
0.0986098
0.109266
0.129796
0.128401
0.114025
0.108013
0.126662
0.126389
0.12436
0.125653
0.115882
0.104168
0.0921347
0.0924503
0.093669
0.0963281
0.0935225
0.0941378
0.0978387
0.0851089
0.083729
0.0795694
0.0770422
0.0823265
0.0779368
0.0711508
0.0807546
0.0817862
0.0802274
0.0717288
0.0681478
0.0668707
0.0596964
0.058568
0.0557996
0.0529559
0.0525501
0.0549874
0.0469421
0.0410579
0.0406743
