0.0097607
0.217132
0.184681
0.172088
0.16304
0.156572
0.160289
0.171903
0.161651
0.154826
0.12354
0.101529
0.0633988
0.0649179
0.059227
0.0483018
0.0451891
0.0606861
0.0305423
0.0293811
0.0237008
0.0152554
0.0148589
0.0153987
0.0159265
0.017722
0.0219002
0.0197277
0.0235963
0.0282537
0.0330294
0.03534
0.0416292
0.0455597
0.0547665
0.0693084
0.0758625
0.0879982
0.105562
0.109093
0.10575
0.0915911
0.107987
0.0849681
0.0852344
0.097441
0.0751295
0.0675373
0.0725189
0.0633458
0.0534031
0.0507139
0.0522071
0.0556197
0.0496624
0.053511
0.0540549
0.0574106
0.0607104
0.0515857
0.0555797
0.0601999
0.0644091
0.0672103
0.0747777
0.0602548
0.0649749
0.0662915
0.0636883
0.0689846
0.0802129
0.0688796
0.0803165
0.0575511
0.0897442
0.0921231
0.118255
0.135545
0.125567
0.200709
0.108158
0.0970051
0.0462091
0.0206901
0.0188685
0.0194347
0.0231137
0.0244317
0.0239318
