0.0153272
0.0132103
0.0120346
0.0093768
0.00933939
0.00808347
0.00789095
0.00660344
0.00668668
0.00600549
0.00548781
0.00511659
0.00491962
0.00402719
0.00349887
0.00299257
0.00277664
0.00238146
0.00233796
0.00230907
0.00243859
0.00327783
0.00538421
0.00727536
0.00848678
0.0106688
0.0126213
0.0143824
0.0125585
0.0111281
0.0123559
0.012927
0.012605
0.0112891
0.00880199
0.00754822
0.00722595
0.00628268
0.00606229
0.00528614
0.00499415
0.00517268
0.00521524
0.004946
0.00427103
0.0038856
0.0034298
0.00337391
0.00336798
0.00420535
0.00397836
0.00802514
0.00991877
0.0139833
0.0161602
0.0143472
0.0121031
0.0135495
0.0120381
0.0151503
0.0140582
0.0137408
0.0129748
0.0104428
0.00936147
0.010297
0.0093141
0.00844527
0.00706021
0.00606192
0.00564353
0.00501415
0.00474089
0.00405436
0.0045711
0.00419616
0.00372153
0.00351223
0.00359048
0.00314417
0.00338757
0.00300521
0.00244203
0.00239405
0.00273121
0.00252867
0.00255126
0.00283967
0.00306772
0.00303638
0.0025888
0.00582925
0.00657058
0.00843179
0.0084841
0.00799457
0.00714214
0.00667118
0.0057829
0.00954842
0.0121887
0.0138096
0.0170062
0.0169055
0.0154261
