0.0361924
0.0297629
0.0278902
0.0240701
0.0253421
0.0256641
0.0279927
0.0272076
0.0258617
0.0252672
0.0255131
0.023949
0.0261383
0.0244397
0.0278245
0.0274958
0.0290605
0.0288758
0.0296206
0.0295318
0.0278639
0.0296709
0.0356854
0.0316513
0.0296787
0.031591
0.0340832
0.0340877
0.0372096
0.0352981
0.0366583
0.0371396
0.03559
0.0341562
0.0304356
0.0332353
0.0338897
0.0343584
0.0344114
0.030104
0.0328411
0.0317404
0.0368177
0.0380234
0.0344534
0.0359332
0.0354908
0.0350953
0.0332423
0.0323864
0.0324858
0.0340189
0.0331031
0.0301747
0.0270186
0.0287722
0.0316617
0.0329178
0.0327194
0.0337736
0.0325403
0.0336324
0.0357261
0.036564
0.0368454
0.0392744
0.0380056
0.036164
0.0347468
0.0307353
0.0293731
0.02811
0.026161
0.0268829
0.0256753
0.0311569
0.0311392
0.0273617
0.0267269
0.0259978
0.0279349
0.0293775
0.0288302
0.0279809
0.0282752
0.0261073
0.0278128
0.0278453
0.0259627
0.024947
0.0256295
0.0294458
0.028256
0.0283936
0.0264766
0.0305322
0.0330802
0.0343314
0.0372654
0.041762
0.0377307
0.0373636
0.0333224
0.0339258
0.0292264
