0.0260068
0.0205583
0.019171
0.0173272
0.0149592
0.0140767
0.0172355
0.01716
0.0177637
0.0217394
0.0237421
0.0256962
0.0292406
0.0272675
0.0224646
0.0207259
0.0202152
0.0174177
0.016616
0.0178747
0.0166081
0.0169696
0.0196313
0.0191288
0.0186972
0.0191785
0.0184771
0.0181006
0.0189379
0.0198691
0.0206547
0.0203318
0.0215485
0.0232023
0.0236351
0.0218831
0.0239897
0.0261938
0.0272276
0.0272209
0.0268896
0.0293741
0.032476
0.028115
0.0278988
0.0295872
0.0283241
0.0263373
0.0280165
0.0266184
0.0262467
0.0296203
0.0281519
0.0296393
0.0283337
0.0275972
0.0240451
0.0232805
0.0238634
0.0331007
0.0306642
0.0288366
0.030174
0.0270562
0.026149
0.0291811
0.0341804
0.0282851
0.0292368
0.027985
0.0265828
0.023892
0.0232837
0.0228869
0.0263922
0.0264728
0.0252514
0.0244827
0.0263905
0.024509
0.0287963
0.0227006
0.0205328
0.0183741
0.0193837
0.0189545
0.0171697
0.0176917
0.0175636
0.0171618
0.015317
0.0163762
0.0145732
0.0175346
0.0164978
0.0159681
0.0144929
0.0151542
0.0161277
0.0175246
0.0162954
0.0165911
0.0171214
0.0160324
0.0160226
