0.0102974
0.0100713
0.053734
0.0502545
0.0441447
0.0370037
0.0309402
0.0280624
0.0239262
0.0227848
0.0196921
0.019608
0.0176431
0.0147102
0.0125562
0.0103681
0.0106756
0.0101014
0.00901036
0.00866337
0.00784082
0.00771611
0.00714478
0.00809249
0.0101997
0.0126162
0.0152083
0.0179811
0.0190338
0.0186993
0.018314
0.0161978
0.0142088
0.0138261
0.0128609
0.00913285
0.00788041
0.00629624
0.00567175
0.00452364
0.00413758
0.00439337
0.00398748
0.00340574
0.00323849
0.00295881
0.0028709
0.00303291
0.00279571
0.00241539
0.00238943
0.00209118
0.0023323
0.00602139
0.00849738
0.0116665
0.0180158
0.0208449
0.022925
0.0223818
0.0223033
0.0199929
0.0184814
0.0152143
0.0131752
0.0113252
0.0109964
0.00865232
0.00787589
0.00682996
0.00697532
0.00571119
0.00579738
0.00412401
0.00399275
0.00354445
0.00314991
0.00351003
0.00372886
0.00369096
0.0033407
0.00313503
0.00299244
0.00268915
0.00258284
0.00260391
0.00280477
0.00294506
0.00289661
0.0028238
0.00273893
0.00230372
0.00219497
0.00232752
0.00291747
0.00394133
0.00610872
0.00563235
0.00550023
0.00528907
0.00801654
0.0111377
0.0148663
0.0174235
0.020377
0.0200513
