0.00916678
0.0103311
0.231994
0.207351
0.191811
0.1812
0.150043
0.146839
0.142283
0.129972
0.10775
0.0990946
0.0887286
0.0869302
0.0798823
0.0713918
0.0717647
0.0702315
0.0508391
0.0475856
0.0453969
0.047348
0.0482969
0.0518422
0.0499109
0.0437719
0.0400521
0.0417589
0.0428739
0.0425856
0.0347409
0.0341139
0.0342206
0.0415327
0.0405865
0.0417867
0.0383994
0.0368861
0.0404613
0.0374151
0.0337907
0.0325439
0.0324427
0.0322537
0.0377739
0.0348289
0.0347205
0.0317415
0.0299361
0.0288611
0.0272375
0.0264075
0.0277096
0.0291818
0.0291452
0.0290154
0.0277126
0.0288638
0.0340199
0.0362883
0.0347902
0.0317754
0.0351422
0.0318386
0.0301471
0.032508
0.0336287
0.0351947
0.032377
0.0329607
0.0344367
0.0315263
0.0300898
0.025928
0.0262548
0.0265478
0.028107
0.0305668
0.0307445
0.0283651
0.0289768
0.0289496
0.0300883
0.0299476
0.029804
0.0262786
0.0257385
0.0249433
0.0257544
0.0260623
0.026647
0.0289965
0.0271333
0.0296657
0.0309365
0.0339046
0.0354649
0.0344542
0.035961
0.0335062
0.0371975
0.0351146
0.0360477
0.0328134
0.0308855
0.0312167
