0.00877788
0.00964203
0.206868
0.188598
0.146897
0.125973
0.100603
0.0956164
0.0934448
0.0780502
0.0652176
0.0689337
0.0721214
0.0674415
0.0580709
0.0567707
0.0624441
0.0730429
0.058191
0.0529871
0.0541034
0.0524614
0.052329
0.0489535
0.0469713
0.0465323
0.0406561
0.038987
0.0345106
0.031866
0.0303124
0.0308848
0.027088
0.0267087
0.0277524
0.0231235
0.0241976
0.0211203
0.0220802
0.0219318
0.022082
0.0229824
0.0224444
0.0230922
0.0242193
0.0260765
0.0252265
0.0270784
0.0268312
0.0234195
0.0224851
0.0212362
0.0205395
0.0208371
0.021872
0.0232808
0.0242177
0.0241448
0.0225969
0.0230553
0.0235456
0.0246919
0.0275291
0.0292324
0.0275153
0.0285006
0.0279146
0.026898
0.0306544
0.0299941
0.0341043
0.0329909
0.0369527
0.0278051
0.0275453
0.0281136
0.0273759
0.028959
0.0327721
0.0331504
0.0342673
0.033223
0.0334185
0.029989
0.0293352
0.0294916
0.0324517
0.0339808
0.0341359
0.0340993
0.0341739
0.0332034
0.0347647
0.0336214
0.0318683
0.032618
0.0342563
0.0333449
0.0352128
0.0363015
0.038014
0.0360773
0.0372821
0.0374255
0.036238
0.0341338
