0.00958471
0.00970819
0.0585883
0.0568378
0.0500722
0.042094
0.0384628
0.0336161
0.0314798
0.0253926
0.018945
0.0124958
0.0112161
0.0108536
0.0100913
0.00728852
0.00642516
0.00470453
0.00459821
0.00361731
0.00310659
0.00336884
0.00356654
0.00702865
0.00805151
0.0103178
0.012216
0.0130893
0.0135241
0.0115956
0.00983902
0.0104015
0.00961077
0.00921944
0.00862288
0.00709057
0.00606692
0.00550406
0.00508014
0.00466635
0.0045865
0.0044873
0.00331378
0.00322635
0.00287217
0.00294772
0.00296736
0.00259225
0.00264009
0.00262295
0.00284883
0.00293703
0.00272797
0.00527808
0.00782213
0.00953887
0.0116944
0.0120354
0.0139178
0.0122959
0.0114717
0.0108001
0.010134
0.00735609
0.00798528
0.00714691
0.00659639
0.00722906
0.00672198
0.00499102
0.00540749
0.00485434
0.00408898
0.00388988
0.00337694
0.00325626
0.00327225
0.00306292
0.00323497
0.00313859
0.00309555
0.00318231
0.00297155
0.00308257
0.00305905
0.00280421
0.00273671
0.00245277
0.00242135
0.00255289
0.00266337
0.0025683
0.00306834
0.0033129
0.00405919
0.00447717
0.00426471
0.00379367
0.00373939
0.00395651
0.00804906
0.0111861
0.0130725
0.0163149
0.0173739
0.0169135
