0.011351
0.0139327
0.240335
0.217591
0.201151
0.173236
0.178402
0.159816
0.143683
0.14368
0.142102
0.130749
0.108468
0.0916006
0.0836881
0.079041
0.0672854
0.0615961
0.0617514
0.0554478
0.0548889
0.0578026
0.0529803
0.0534911
0.046274
0.0455625
0.0444469
0.0467812
0.0458048
0.0450859
0.0417672
0.0369072
0.0330354
0.0319537
0.0350288
0.0352203
0.0336259
0.036475
0.0327613
0.0289244
0.0299091
0.0270641
0.0241149
0.0213718
0.0220488
0.0239669
0.0250066
0.0264104
0.024281
0.0251087
0.0282197
0.0291091
0.0280678
0.0320407
0.0352308
0.0318765
0.0321086
0.0350471
0.0345452
0.031721
0.0360254
0.03467
0.0349365
0.0320961
0.0318073
0.0298708
0.0343348
0.0352405
0.0329973
0.0334464
0.0380241
0.0342294
0.0392982
0.0413117
0.0418029
0.0404667
0.0393519
0.0408051
0.0411827
0.042722
0.0425404
0.0377381
0.0354458
0.0338833
0.0319929
0.0325018
0.0285606
0.0249378
0.0256043
0.0262155
0.0283929
0.0308891
0.0280384
0.0280857
0.0250181
0.0239762
0.0268002
0.0275978
0.0307255
0.028097
0.0325868
0.0342002
0.0347225
0.033305
0.0327713
0.0329816
