0.0106608
0.0105219
0.192926
0.1668
0.150087
0.136515
0.128133
0.114594
0.100519
0.0900655
0.0701254
0.056138
0.0493043
0.0502373
0.0524551
0.0467065
0.0469817
0.0356618
0.0361722
0.029704
0.0269827
0.0234383
0.0227219
0.0252584
0.0253241
0.0263666
0.0262661
0.0254553
0.021646
0.020088
0.0219576
0.0238923
0.024012
0.0219583
0.0206152
0.0228893
0.0216212
0.0227767
0.0220111
0.0237473
0.0256585
0.0280902
0.0247626
0.0237656
0.0199355
0.0220724
0.0229486
0.0225263
0.0237164
0.0244916
0.0281053
0.0284451
0.0273164
0.0282305
0.0270394
0.0245268
0.0264337
0.0275001
0.0248965
0.0227138
0.0234527
0.0245212
0.0256044
0.025344
0.0258735
0.0268305
0.0278624
0.0340081
0.0340432
0.0291406
0.0329978
0.030199
0.0271322
0.0293583
0.0279113
0.0244175
0.0259545
0.0233935
0.0238243
0.0241868
0.0235274
0.022787
0.0236184
0.0238412
0.0259198
0.0233133
0.0252632
0.0251701
0.0245388
0.0260744
0.0292981
0.0281098
0.0359989
0.0363926
0.0375425
0.0377858
0.031949
0.0286288
0.0299305
0.0301476
0.0293959
0.0250292
0.0230249
0.0268928
0.0321166
0.032182
