0.0341783
0.0366867
0.0383225
0.0417716
0.0413524
0.0403572
0.0359121
0.0380125
0.0377336
0.04501
0.047598
0.0470718
0.0435272
0.0463801
0.0465438
0.0512827
0.0480594
0.0507867
0.0507467
0.0427298
0.0413781
0.0445736
0.0406915
0.0434308
0.0399979
0.0356072
0.0331965
0.0308282
0.0311481
0.0344576
0.0401141
0.0414233
0.0420765
0.0441592
0.0387283
0.0385035
0.0357124
0.0367428
0.0324518
0.0338766
0.034428
0.0369353
0.0330222
0.0333607
0.0322954
0.0321829
0.0315764
0.0326059
0.0331855
0.0360633
0.0336487
0.0369834
0.0386189
0.0415504
0.040464
0.0437523
0.0462331
0.0451926
0.0441538
0.0406553
0.0436334
0.04525
0.0451198
0.0415196
0.0412054
0.0419264
0.0416828
0.0374698
0.0352609
