0.0473373
0.0384091
0.0344551
0.0318323
0.0279665
0.029085
0.032499
0.026613
0.022588
0.0259809
0.0282447
0.0313667
0.0382003
0.0462902
0.0566376
0.0494696
0.0500751
0.0472893
0.0416887
0.0442017
0.0408268
0.0347784
0.0405421
0.0439184
0.0328918
0.0259975
0.0171483
0.0146459
0.0120384
0.00932002
0.00933323
0.0123058
0.0164176
0.0178422
0.0206499
0.0207263
0.0259355
0.0299338
0.0259976
0.0324534
0.0307193
0.0382259
0.0401471
0.0438413
0.0400059
0.0404764
0.0436743
0.0387095
0.034951
0.0390543
0.0448846
0.0427661
0.0360889
0.0433378
0.0365342
0.0394859
0.0295739
0.0284009
0.0225534
0.0189659
0.0223696
0.023233
0.026307
0.022729
0.0221969
0.0251317
0.0230549
0.0216735
0.0220683
