0.00912392
0.00908879
0.00895856
0.0595232
0.0534063
0.0479269
0.0407002
0.0364271
0.0288122
0.024853
0.0232552
0.0187037
0.016431
0.0132007
0.0125566
0.0100342
0.0077063
0.00671579
0.00406323
0.0062699
0.00577805
0.00834671
0.0113838
0.0111684
0.0122963
0.013594
0.0154392
0.0131956
0.0112016
0.0132495
0.0123913
0.0109176
0.0105105
0.0105353
0.00878796
0.00660668
0.00692429
0.00621325
0.00533311
0.00593892
0.00536412
0.00527092
0.00551574
0.00501551
0.00482145
0.00462063
0.00462351
0.00403525
0.00374602
0.00369816
0.00452197
0.00801725
0.00949446
0.0105934
0.014017
0.0149771
0.0133003
0.0122546
0.0111477
0.0103632
0.00917476
0.00844988
0.00803426
0.00757269
0.00719345
0.00697389
0.00599172
0.00605674
0.00558989
0.00543045
0.00472255
0.00408091
0.00372047
0.0038167
0.00347098
0.00316466
0.00305405
0.00326519
0.00290769
0.00302421
0.00294175
0.00309329
0.00283625
0.00266022
0.00278806
0.00290197
0.00298299
0.00295517
0.00303572
0.00330723
0.00513305
0.00653705
0.00970211
0.0089178
0.00794389
0.00738904
0.00703429
0.00647754
0.00894535
0.0116135
0.0129877
0.0136283
0.015646
0.0153272
