0.00969453
0.0122879
0.015161
0.248475
0.241425
0.225326
0.216645
0.211261
0.190271
0.174448
0.162641
0.163174
0.15945
0.160432
0.155348
0.151594
0.139852
0.131846
0.117526
0.11371
0.102076
0.105353
0.10113
0.0844921
0.0938666
0.0778411
0.0685521
0.0624474
0.0600193
0.0597107
0.0570409
0.0573566
0.0626147
0.056897
0.0624369
0.0599282
0.062973
0.0612156
0.0550327
0.0491814
0.0491691
0.0547362
0.0540009
0.0459659
0.043667
0.0364943
0.0338687
0.0322125
0.0297235
0.0251875
0.0243679
0.0238485
0.0231489
0.0245974
0.0243035
0.0238015
0.0237734
0.0264322
0.0234742
0.0226336
0.0210101
0.0216309
0.0225536
0.0215838
0.0223692
0.0219156
0.020415
0.0241751
0.0278331
0.0261072
0.0267683
0.0317794
0.0347813
0.0378945
0.037339
0.0351318
0.0361405
0.0342962
0.0350633
0.0400082
0.0429131
0.0393446
0.0408652
0.0426604
0.041422
0.0361161
0.0371335
0.0366867
0.0364904
0.0371543
0.0418072
0.0468625
0.0444511
0.045692
0.0455421
0.0431025
0.0388896
0.0316806
0.0345943
0.0337964
0.0313269
0.0371371
0.0340612
0.0361924
