0.00984924
0.00929243
0.0111187
0.190874
0.142125
0.102053
0.0806086
0.0756521
0.064233
0.0657299
0.070966
0.0636676
0.0637915
0.0622145
0.0730555
0.065008
0.0548195
0.057517
0.0368704
0.0344651
0.0335871
0.0300491
0.0321498
0.0279406
0.0270328
0.0239073
0.0231133
0.022768
0.024276
0.0274582
0.0235083
0.0203719
0.0211381
0.024486
0.0239013
0.0242581
0.0249448
0.0261467
0.0265889
0.0313731
0.0307863
0.0303817
0.0335731
0.0295081
0.0315297
0.033289
0.0343371
0.0337477
0.0370026
0.0377302
0.044558
0.0484877
0.0488446
0.0498586
0.0487149
0.0431929
0.0399207
0.0354127
0.0346927
0.0332075
0.0343705
0.0374453
0.0374733
0.0354735
0.0345834
0.0349579
0.037465
0.03858
0.0387806
0.039623
0.0363288
0.0375211
0.0331002
0.0344505
0.034117
0.0343588
0.0342736
0.0319612
0.0277014
0.0294836
0.0282875
0.0255326
0.0266097
0.0257473
0.0252534
0.0244821
0.0265224
0.0258346
0.0259518
0.0260218
0.0233392
0.0230364
0.0317906
0.0269967
0.0264957
0.0285236
0.0296681
0.0287463
0.0298667
0.030058
0.0293558
0.0282773
0.0278588
0.0260068
