0.013045
0.0124962
0.0118473
0.00982662
0.00877953
0.00802923
0.00642712
0.00635776
0.00526488
0.00530994
0.00500242
0.00483875
0.00417631
0.00395001
0.00373656
0.00424141
0.00423267
0.00584656
0.00704551
0.00706527
0.0100598
0.0140068
0.0174412
0.0181746
0.0204418
0.0185222
0.0176116
0.019603
0.020468
0.0230736
0.0197326
0.017985
0.0163248
0.0145527
0.0152145
0.0152968
0.0150109
0.0154578
0.0139027
0.0144211
0.0138822
0.0134805
0.0137696
0.0144426
0.0128044
0.0108935
0.0134189
0.0144633
0.0147359
0.0154196
0.0158901
0.0159152
0.0138822
0.0135786
0.0159236
0.0160144
0.0146492
0.0156694
0.0173084
0.0169886
0.0171099
0.017393
0.0168447
0.0158368
0.0152587
0.0148726
0.0161008
0.0154256
0.0134086
0.0104429
0.00941754
0.0613959
0.0571004
0.0458615
0.0394481
0.0359631
0.0318533
0.0286894
0.0245627
0.0160472
0.0144403
0.0133547
0.0119168
0.0168845
0.0142546
0.0142647
0.0112619
0.014556
0.0142602
0.016801
0.0182265
0.0175411
0.0171212
