0.0242792
0.0252009
0.0287637
0.0316298
0.0288753
0.0260551
0.0248704
0.024499
0.031375
0.0307906
0.0268947
0.0279727
0.0302508
0.0322647
0.0348827
0.035198
0.0349234
0.0384751
0.035715
0.036921
0.0361793
0.0309824
0.0291319
0.028498
0.0299867
0.0305386
0.0311266
0.036724
0.0421272
0.0494731
0.0521617
0.0576566
0.0544381
0.0590998
0.0684115
0.0676998
0.0725402
0.0725758
0.0802592
0.083316
0.0820434
0.0855609
0.0895365
0.0958942
0.101365
0.112164
0.126229
0.14115
0.136304
0.139881
0.151078
0.148727
0.157601
0.171802
0.168035
0.168016
0.158931
0.172032
0.169715
0.164852
0.170143
0.175639
0.178636
0.168769
0.181196
0.177907
0.169741
0.153065
0.151829
0.12665
0.133218
0.248875
0.246686
0.240983
0.241809
0.214562
0.19886
0.189313
0.177473
0.142656
0.144534
0.116695
0.0981114
0.0855556
0.0784332
0.0641363
0.0541333
0.0622899
0.0524753
0.0527872
0.0478716
0.0356208
0.0307
