0.014379
0.0130686
0.0140282
0.0163594
0.0182937
0.0199035
0.0187557
0.020109
0.0196973
0.0194014
0.0196181
0.0198554
0.0195012
0.0191824
0.0170153
0.0181088
0.0198712
0.0190425
0.0212256
0.0227662
0.0214674
0.0223712
0.0224957
0.0202773
0.0202219
0.0207473
0.021254
0.0225331
0.0209755
0.0233393
0.0273302
0.0335026
0.0397007
0.0427531
0.0597869
0.0736075
0.0818764
0.0967803
0.110944
0.133036
0.141438
0.15177
0.164992
0.173563
0.174138
0.15752
0.170225
0.154315
0.104324
0.0847266
0.0795001
0.0668486
0.0628588
0.0554575
0.0570226
0.0602907
0.0583543
0.0684049
0.0699589
0.0816285
0.0969898
0.116108
0.120458
0.121951
0.136079
0.147873
0.192603
0.18849
0.150669
0.112177
0.0996661
0.228077
0.205193
0.191662
0.195723
0.189634
0.174097
0.153773
0.154244
0.121688
0.120023
0.0943664
0.0905407
0.0680546
0.0598946
0.0519494
0.0493463
0.0383191
0.0326133
0.032641
0.0297788
0.0294623
0.0254612
