0.010006
0.0640035
0.0587504
0.0501473
0.0420308
0.0349222
0.0244252
0.0204173
0.0194384
0.015626
0.0120129
0.00883137
0.0067922
0.00570204
0.00485017
0.00479018
0.00430073
0.00368782
0.00511023
0.00478257
0.00776333
0.00883234
0.0104644
0.0124828
0.0132763
0.0138307
0.0128621
0.010884
0.00887157
0.00881324
0.00898592
0.00740127
0.00638557
0.00533827
0.00438302
0.00366962
0.00334716
0.00328788
0.00308228
0.00283504
0.00310973
0.00327875
0.00333282
0.00321117
0.00325172
0.00312415
0.00327734
0.00334256
0.00386998
0.00476198
0.00630901
0.00924207
0.0106045
0.0110765
0.0106469
0.0106212
0.0104159
0.0100053
0.00900198
0.00908013
0.0093857
0.00889799
0.00841994
0.00786269
0.00724851
0.00585299
0.00534252
0.00522726
0.00457417
0.00430546
0.00442323
0.00484138
0.00414531
0.0040279
0.0038227
0.00344678
0.0034885
0.00307097
0.00293121
0.0029067
0.00295987
0.00287634
0.00285689
0.0025312
0.00270579
0.00292219
0.00305369
0.00409026
0.0046919
0.00704282
0.00675198
0.00586325
0.0051898
0.00473144
0.00462418
0.00748331
0.00930406
0.0113422
0.0129863
0.0139085
