0.0109545
0.23545
0.226873
0.210662
0.203376
0.166457
0.15103
0.141664
0.109123
0.0954136
0.0754469
0.0623059
0.0603599
0.0551585
0.0507048
0.0561249
0.0478475
0.0505607
0.0547571
0.0520646
0.059237
0.0539457
0.0457535
0.0455722
0.0458379
0.0460143
0.0400706
0.0372009
0.037936
0.0347257
0.0363405
0.0381869
0.0351409
0.036991
0.0345998
0.0330764
0.0310807
0.0310656
0.0295017
0.0314058
0.0316747
0.032079
0.0290348
0.0247589
0.0266142
0.0263897
0.0257478
0.0262685
0.0260301
0.0247077
0.0213649
0.020387
0.0208346
0.023692
0.0220148
0.0226375
0.0234991
0.0252764
0.0241786
0.0266113
0.0277738
0.0287804
0.0287864
0.0291043
0.034363
0.0317982
0.0325969
0.0357448
0.0403912
0.0397922
0.0409512
0.0379107
0.0377109
0.0404979
0.0396872
0.0367195
0.0364913
0.0365032
0.0344285
0.0344844
0.0350316
0.032325
0.031949
0.0315994
0.0316584
0.0309315
0.031742
0.0295301
0.0285406
0.0261494
0.0276126
0.029983
0.0301145
0.029889
0.0268057
0.0287528
0.035414
0.0319342
0.027374
0.0266353
