0.0101327
0.202565
0.159494
0.132756
0.111637
0.0846427
0.0614694
0.0571194
0.0537439
0.0481793
0.0508506
0.0466677
0.0405111
0.0345061
0.033838
0.0330343
0.0306112
0.0261906
0.0247267
0.0237123
0.0279023
0.0257129
0.02449
0.0226859
0.0205257
0.0171251
0.0156731
0.0153062
0.0170127
0.0177857
0.0171936
0.0179437
0.0202194
0.0222916
0.0253946
0.0247335
0.0251361
0.0239654
0.024808
0.0239637
0.0257967
0.0286136
0.0253921
0.0257236
0.0268825
0.0286054
0.0288318
0.0278833
0.029259
0.0361218
0.0357793
0.0367692
0.0372522
0.0346049
0.0315217
0.0283976
0.0290039
0.0296921
0.0323244
0.0368934
0.0361625
0.0393163
0.0368029
0.0369535
0.0334559
0.0328422
0.0363727
0.0357926
0.031707
0.0304169
0.0273133
0.0256044
0.0197535
0.0198967
0.0235532
0.0215262
0.0208846
0.0187584
0.0210227
0.02216
0.0234439
0.0228895
0.0233476
0.0231642
0.0226842
0.0202936
0.0188066
0.0157627
0.0141939
0.0214594
0.0201285
0.0206055
0.0193867
0.0213437
0.0235451
0.022479
0.0212861
0.0225966
0.0216491
0.0230903
