0.0178034
0.0195411
0.0177049
0.0141724
0.0129654
0.0119512
0.00874489
0.00796956
0.00775778
0.00620265
0.00576664
0.00449587
0.00371299
0.00371922
0.00350794
0.0032766
0.00296241
0.00600866
0.00662843
0.00640107
0.0091462
0.0124515
0.0135385
0.013677
0.0145865
0.0155314
0.0137877
0.0120021
0.0110377
0.00914281
0.00941549
0.00839167
0.00799322
0.00584164
0.00493076
0.00426863
0.0042967
0.0036071
0.00355491
0.00332782
0.00297241
0.00305595
0.00273153
0.00310581
0.00337563
0.0076128
0.00983063
0.0109806
0.0139536
0.0150717
0.0132249
0.0121318
0.0107834
0.0107169
0.00971266
0.00996147
0.0109794
0.00956976
0.00915089
0.00947925
0.00814729
0.0074403
0.00686912
0.00615122
0.0057372
0.00434102
0.00399301
0.00335058
0.00364556
0.0038546
0.00368727
0.0037615
0.00394416
0.00378056
0.00394048
0.00356616
0.00375435
0.00439106
0.00570559
0.00640925
0.00621156
0.00621512
0.00611342
0.00563808
0.0092292
0.0107652
0.0120638
0.0146087
0.0163442
0.0165423
