0.0528919
0.052356
0.0530965
0.0542936
0.0518449
0.0531296
0.046652
0.0527148
0.0543013
0.0606691
0.0570147
0.0569247
0.0585799
0.0588434
0.0586693
0.0537849
0.0489443
0.0526751
0.0473043
0.0446102
0.0369242
0.0358614
0.032966
0.0364951
0.0394864
0.0371206
0.037366
0.0372439
0.0400566
0.0418667
0.0478382
0.0522708
0.052837
0.0485899
0.0467516
0.0469741
0.0400375
0.0405502
0.0426146
0.0374224
0.0384357
0.0438761
0.0393616
0.0408971
0.0417292
0.0394198
0.0374807
0.0358919
0.0378886
0.0403425
0.0454756
0.0511073
0.0495774
0.0479722
0.0538938
0.0594797
0.062665
0.0583317
0.0503333
0.0558236
0.0591893
0.0584168
0.0587646
0.0536716
0.0573975
0.0571413
0.0587378
0.0640947
0.0643448
0.060041
0.0512718
0.0526365
0.0490764
0.0495677
0.0529979
0.0541906
0.057203
0.0548456
0.057597
0.0587786
0.0508769
0.0461307
0.0448573
0.0469517
0.0476175
0.0454247
0.0478014
0.0476134
0.0468162
0.0413184
