0.0315621
0.0276152
0.0260346
0.0276551
0.0296668
0.0323965
0.0314959
0.0311457
0.0340594
0.0330489
0.0335122
0.0307843
0.0298349
0.0250325
0.0278787
0.027541
0.0253004
0.0290043
0.0299574
0.0243182
0.0225498
0.0217451
0.023986
0.020188
0.0181264
0.0180943
0.0185798
0.0213749
0.0212199
0.0217172
0.0214795
0.02259
0.0206674
0.0180189
0.0174795
0.0177285
0.0216553
0.0199138
0.0190865
0.0204363
0.0200601
0.0183487
0.0165514
0.0174215
0.0173967
0.0185065
0.017641
0.0189385
0.0202031
0.0184039
0.0139493
0.0127303
0.0140902
0.0177822
0.0206256
0.0210366
0.0282392
0.0322083
0.0361748
0.0422593
0.044223
0.0466241
0.0522266
0.0500218
0.0517847
0.0404174
0.0417114
0.0389245
0.042707
0.0446145
0.0415831
0.0401426
0.041209
0.0445211
0.043838
0.0396217
0.0389209
0.0319943
0.0313396
0.0327659
0.0322054
0.0336936
0.0351024
0.0374925
0.0391709
0.0404815
0.0375157
0.0359797
0.0346248
0.0341422
