0.016859
0.0163498
0.0166076
0.0151075
0.0133832
0.0130285
0.0110481
0.0108817
0.0100267
0.00881874
0.00787639
0.00745636
0.00592875
0.0058341
0.00664604
0.00605926
0.00602425
0.00573064
0.00817899
0.0100889
0.0116739
0.0120401
0.0133277
0.0145718
0.0162926
0.0140049
0.0121178
0.0121161
0.0103287
0.010812
0.00916548
0.00798737
0.00870257
0.00848705
0.00923402
0.00948769
0.00932949
0.00883773
0.00885767
0.00954775
0.00792863
0.006468
0.00911755
0.0126068
0.0150478
0.0179152
0.0195855
0.0200878
0.0209646
0.0213788
0.023914
0.0247908
0.0263412
0.0269726
0.0243465
0.024425
0.0239233
0.0230575
0.0235077
0.0257493
0.0246919
0.0239505
0.0243293
0.0211377
0.0168629
0.0150578
0.0120781
0.0101359
0.0104651
0.00880811
0.00625636
0.00521797
0.00527663
0.00544395
0.00600838
0.00578539
0.00625641
0.00635281
0.00553335
0.00703477
0.00685629
0.005292
0.00533646
0.00796736
0.0112448
0.013277
0.0156858
0.01515
