0.0406743
0.0465642
0.0458198
0.0447587
0.0456169
0.049859
0.0532648
0.0552078
0.0612684
0.068201
0.0717931
0.0678749
0.0722083
0.0794973
0.0818095
0.073609
0.0709956
0.0777977
0.0769463
0.0872097
0.0938952
0.082849
0.0747818
0.0824372
0.0812149
0.0901026
0.0983753
0.0870387
0.0841418
0.0793504
0.0776421
0.066454
0.0789563
0.0820161
0.080964
0.0716609
0.0604314
0.0563121
0.0627904
0.0665236
0.0663961
0.0628256
0.0691945
0.0633785
0.0595429
0.06397
0.0646455
0.070523
0.072671
0.0679486
0.0661478
0.0690244
0.073809
0.0884555
0.102345
0.10243
0.103955
0.105177
0.100808
0.0954662
0.108158
0.0956381
0.0850243
0.0834519
0.0803183
0.0777568
0.069341
0.0661931
0.0633729
0.0698391
0.0648673
0.058342
0.0622734
0.0595584
0.0640307
0.0513803
0.0533777
0.0491734
0.0467579
0.0436226
0.0460754
0.0443606
0.0475349
0.048166
0.0472847
0.0530694
0.0479797
0.0449763
