0.0239318
0.0210128
0.0218736
0.0227606
0.0306009
0.0342058
0.0332415
0.0378737
0.0371926
0.032192
0.0359849
0.0327077
0.024764
0.02249
0.0224393
0.0249327
0.0232668
0.0203164
0.0188513
0.0192051
0.0200875
0.0165643
0.013835
0.014193
0.0197148
0.0206438
0.0253552
0.0283836
0.0335268
0.0398367
0.0441251
0.0466573
0.053844
0.0614256
0.0743286
0.0898782
0.103298
0.102274
0.111031
0.139362
0.134734
0.119091
0.119757
0.133243
0.12128
0.125965
0.133858
0.116037
0.107321
0.110371
0.104602
0.0924544
0.079382
0.0694273
0.0605811
0.0547427
0.0607009
0.0623828
0.0687269
0.072464
0.0871434
0.0941633
0.107223
0.101203
0.0959042
0.0830256
0.071054
0.0616172
0.066695
0.0616142
0.0415757
0.0250199
0.0246847
0.0214332
0.0251319
0.0293303
0.0316888
0.0315039
0.0290605
0.0314396
0.0267394
0.0216585
0.0235766
0.0186579
0.0182215
0.0164645
0.0189858
0.0178816
