0.00847226
0.00865668
0.0625591
0.0539504
0.049104
0.0441733
0.0411425
0.0308842
0.0245424
0.0171247
0.0128033
0.0115004
0.00786818
0.00628948
0.00479044
0.00394263
0.00388779
0.00355582
0.00341895
0.00326816
0.00517969
0.00507665
0.00548768
0.0068001
0.00762292
0.00875166
0.00920625
0.0102391
0.0108754
0.0122138
0.0115025
0.00991474
0.0102399
0.00793761
0.00701431
0.00533773
0.00577894
0.00492854
0.00510824
0.00444456
0.00420396
0.00400109
0.00347042
0.00366242
0.00347134
0.00350257
0.00354666
0.00368885
0.00381795
0.00461651
0.00675392
0.00837059
0.0077561
0.00958498
0.0120876
0.0146512
0.0173553
0.0185143
0.0220047
0.0225108
0.0202932
0.0206701
0.0192376
0.01518
0.0120591
0.0116653
0.0114655
0.0103282
0.0106387
0.0089445
0.00919439
0.00731185
0.00681185
0.00612911
0.00536511
0.00481498
0.00447483
0.00435051
0.00427887
0.00428041
0.00386161
0.00384584
0.00348565
0.00345753
0.00313286
0.00288343
0.00281018
0.0025302
0.0027813
0.00275948
0.00250569
0.00289959
0.00252261
0.00301741
0.00352293
0.00396117
0.00421701
0.00590374
0.00574818
0.00586161
0.00611093
0.00523511
0.00462616
0.00672462
0.0101369
0.012322
0.0131572
0.0139341
0.0137787
