0.0094549
0.0117591
0.227356
0.211721
0.187212
0.165845
0.154709
0.118485
0.107799
0.100233
0.0839684
0.0895648
0.0816839
0.0707086
0.0705231
0.0608465
0.0544783
0.0483615
0.0483408
0.0415067
0.0449094
0.0425425
0.0413324
0.037695
0.0393589
0.0412487
0.0388361
0.0402616
0.0396412
0.043594
0.0496444
0.0531072
0.0518937
0.0498914
0.0529768
0.0523022
0.0504386
0.0481252
0.0430933
0.0504684
0.0512003
0.0453999
0.0493301
0.0476195
0.0505948
0.049989
0.0537704
0.0481067
0.048445
0.0421531
0.0451524
0.0435638
0.0383382
0.0382451
0.0372544
0.0308922
0.0283678
0.0263439
0.0284002
0.0277194
0.029836
0.035025
0.0356775
0.0333933
0.0325575
0.0335322
0.0319666
0.027593
0.0266368
0.0259737
0.0266564
0.0273524
0.0272404
0.0260744
0.0285423
0.0280699
0.0296828
0.0304949
0.0306807
0.0335262
0.0348963
0.0363904
0.0435405
0.0453721
0.0441643
0.0436393
0.0410218
0.0408771
0.0373426
0.0329107
0.0256633
0.0252829
0.0286553
0.0265793
0.0260527
0.0237028
0.0218324
0.0222713
0.0249917
0.0250481
0.0264052
0.0270888
0.0260835
0.0265873
0.0270608
0.027268
0.0279493
0.0287483
0.0296327
