0.00952853
0.0100582
0.193836
0.151878
0.122701
0.0990042
0.0918773
0.0744188
0.0559746
0.0408199
0.0362011
0.0328034
0.0344642
0.028182
0.0225772
0.0175499
0.0193929
0.0182279
0.0173857
0.0156948
0.0152797
0.015898
0.0172624
0.0176565
0.0179511
0.018116
0.0143313
0.0133773
0.01466
0.016654
0.0187666
0.0189305
0.0197972
0.0226314
0.0216615
0.0198354
0.0212418
0.0193946
0.0198269
0.0193306
0.0185288
0.0199945
0.0203353
0.024514
0.0260704
0.028613
0.0290457
0.0295412
0.0313896
0.0376142
0.0416344
0.046235
0.0471122
0.0461747
0.0432412
0.0427403
0.038846
0.0411901
0.0382568
0.0329842
0.0262079
0.029874
0.0286742
0.0290762
0.0284408
0.0284073
0.0262619
0.0220594
0.0258907
0.0276959
0.0229422
0.0219333
0.0251207
0.0243414
0.023171
0.0229403
0.0229961
0.0242156
0.0249843
0.0222139
0.0196746
0.0178552
0.0198007
0.0218161
0.0187615
0.0179618
0.0191169
0.0209362
0.0210457
0.0229911
0.0238401
0.0268384
0.0250241
0.0258475
0.0236933
0.0263681
0.0256035
0.0250904
0.0232783
0.0245842
0.0250637
0.0250866
0.0243621
0.0217584
0.0215398
0.0221029
0.024376
0.022092
0.0213805
