0.0160707
0.0141617
0.0132895
0.0141677
0.0141485
0.0119188
0.00897766
0.00823657
0.00752133
0.00610196
0.00533097
0.00498597
0.00335614
0.00315367
0.0026296
0.00277584
0.00262841
0.00230114
0.00236821
0.00429015
0.00465437
0.00659003
0.00994075
0.0144544
0.0178689
0.0179605
0.0181429
0.015496
0.014877
0.0183712
0.013669
0.0108944
0.00928646
0.00834553
0.0062415
0.00525754
0.00464878
0.00482702
0.00433229
0.00355895
0.00347566
0.00328812
0.00332408
0.0032224
0.00336545
0.00302765
0.00290954
0.00268122
0.00253579
0.00456759
0.00738037
0.00956694
0.0109097
0.0125945
0.0136635
0.0140402
0.0108212
0.00996623
0.00789814
0.00777555
0.00623078
0.00518488
0.00461711
0.00440601
0.0039779
0.00398738
0.00382806
0.00361731
0.00334032
0.00352201
0.00302717
0.003177
0.0028391
0.00293031
0.00296618
0.00332667
0.00321497
0.00339946
0.00327365
0.00352941
0.0034119
0.00354841
0.00347977
0.00347245
0.00355198
0.00319059
0.00851195
0.010191
0.00931544
0.00969709
0.00932146
0.00821521
0.00737306
0.00863524
0.0111823
0.0147849
0.0144099
0.0151953
0.0188352
