0.0230951
0.0212158
0.021309
0.0211004
0.0208259
0.0209684
0.0208161
0.0250576
0.0260538
0.0244783
0.0260419
0.0256409
0.0267919
0.0288674
0.0259513
0.0233307
0.0237917
0.0212292
0.0192377
0.0211372
0.0228353
0.0231592
0.0237652
0.0229178
0.0257543
0.0227227
0.024086
0.0216797
0.0222157
0.0230749
0.0256996
0.0234379
0.0240191
0.0247752
0.024215
0.0283001
0.0266702
0.0274656
0.0266069
0.0240016
0.0225316
0.0242365
0.0250972
0.0264566
0.024772
0.0281148
0.0312806
0.0270525
0.0301677
0.0336318
0.0324038
0.0308445
0.0291074
0.028041
0.0281021
0.030247
0.0340409
0.0351174
0.0363322
0.0344665
0.0363592
0.0351859
0.0347266
0.0414236
0.0386209
0.0364399
0.0366027
0.036311
0.0331756
0.0357221
0.0371205
0.0393711
0.0405423
0.0402424
0.042104
0.0383283
0.0352438
0.0377446
0.0302089
0.0323937
0.0320985
0.0356223
0.0353932
0.0352519
0.03595
0.0293544
0.034979
0.0336027
0.0335693
0.0323885
0.030507
0.0329043
0.0348815
0.0384528
0.0380685
0.0372444
0.031453
0.0303762
0.032043
