0.018757
0.017573
0.0152164
0.0172704
0.021263
0.023599
0.0248117
0.0225813
0.0231289
0.0260497
0.0273625
0.0262698
0.0215671
0.0182209
0.0163369
0.0160605
0.0165929
0.0147901
0.0144488
0.0141389
0.0156179
0.0180816
0.0189651
0.0191133
0.018842
0.016528
0.0148238
0.0164801
0.017278
0.0211512
0.0195989
0.0197567
0.0212569
0.0231161
0.0221274
0.0222995
0.0218146
0.0224902
0.0229496
0.0217862
0.0227075
0.0197372
0.0184607
0.0187168
0.0211501
0.0192054
0.0201376
0.0150371
0.0122756
0.0111756
0.0110798
0.0139575
0.0136378
0.0131811
0.0136226
0.0137737
0.0152335
0.0168382
0.0167725
0.0208325
0.0211383
0.0170116
0.0187535
0.0212283
0.0217625
0.024018
0.0251693
0.0266201
0.0269158
0.0271329
0.0235869
0.0251663
0.02115
0.019951
0.0196725
0.0190334
0.0197148
0.0183335
0.0193163
0.0205389
0.0202887
0.0216622
0.021772
0.0233004
0.0261094
0.0265598
0.0254792
0.0295018
0.0271167
0.028248
0.0274334
0.0268619
0.0300445
0.0273288
0.0249684
0.0253309
0.0266258
0.025804
0.023819
