0.0149161
0.0137314
0.0142643
0.0142204
0.0137457
0.0128068
0.0125451
0.011435
0.0108264
0.0104137
0.00830399
0.00808783
0.00635366
0.00476502
0.00446927
0.00398998
0.00362098
0.00342899
0.00344885
0.00315299
0.00540131
0.00527933
0.00806069
0.0101457
0.0121073
0.0154419
0.0165458
0.0179685
0.0171233
0.017896
0.0191936
0.0178623
0.0148599
0.0138322
0.0132766
0.0122726
0.013381
0.0121107
0.011759
0.012001
0.0125065
0.0130089
0.014317
0.0148704
0.0153251
0.0172447
0.0164023
0.0158473
0.0156552
0.0155265
0.0155095
0.0170427
0.0170274
0.0174119
0.0190423
0.0190943
0.016518
0.0159433
0.0145081
0.0138497
0.0138445
0.0111101
0.010597
0.0122861
0.0120314
0.0119351
0.0104072
0.010294
0.010625
0.0103617
0.00996114
0.00954265
0.00804904
0.00649916
0.00631229
0.00573458
0.00559194
0.005028
0.00446254
0.00417754
0.00368386
0.00306611
0.00279205
0.00243308
0.00258191
0.00272065
0.00225285
0.00180804
0.00185937
0.00174102
0.00264358
0.00334122
0.00493205
0.00562917
0.00493206
0.00488234
0.00772485
0.00980737
0.0140247
0.0156849
0.0172066
0.0179423
