0.0214595
0.0215801
0.0220841
0.0223076
0.0220078
0.0195424
0.0174313
0.0165256
0.017559
0.0184046
0.0179335
0.0191128
0.0192883
0.0186626
0.0181301
0.0188587
0.0194721
0.0214829
0.0208041
0.0214854
0.0254764
0.0253973
0.0271977
0.025231
0.0234252
0.0241562
0.026567
0.0280807
0.0288982
0.0313779
0.0335035
0.0384061
0.0397523
0.041316
0.0378581
0.0432629
0.0405358
0.0379156
0.0382294
0.0365682
0.038328
0.0397337
0.0406057
0.0410188
0.0433484
0.045477
0.0472727
0.0465373
0.0420921
0.0409631
0.0464279
0.047323
0.0488452
0.0396147
0.0375015
0.0394724
0.0417395
0.043804
0.0382119
0.0435341
0.0472338
0.0417695
0.0452783
0.0575068
0.059726
0.0538792
0.0579543
0.0556392
0.0560711
0.0508771
0.049027
0.0493222
0.0520557
0.0470413
0.0511947
0.047698
0.0449168
0.0426227
0.0438523
0.041428
0.0418537
0.0420699
0.0413037
0.0391218
0.0462119
0.0473543
0.0446772
0.0456835
0.0380744
0.033351
0.0326721
0.0349309
0.0342843
0.0362838
0.0313685
0.030928
0.0303605
0.0302584
0.0300648
0.0310973
0.0288055
0.0302451
