0.0168406
0.0147983
0.0145336
0.0144467
0.0157456
0.0178085
0.0193889
0.0214775
0.0238856
0.0269206
0.0248957
0.027324
0.0271058
0.0232647
0.0251267
0.0230498
0.021897
0.0209862
0.0243052
0.0204417
0.0215095
0.0223182
0.0224837
0.0225195
0.0204803
0.0211854
0.0196597
0.0161786
0.0150807
0.0196621
0.0213098
0.0225324
0.0230477
0.0229848
0.0229041
0.0268783
0.0321329
0.0378836
0.0461427
0.0553179
0.0693407
0.0813032
0.101461
0.125091
0.149919
0.182832
0.194026
0.204713
0.220063
0.224454
0.236897
0.23772
0.204608
0.178458
0.149566
0.141239
0.123438
0.116769
0.092397
0.0819333
0.07783
0.0731025
0.0628662
0.0657437
0.0574923
0.048501
0.0513893
0.0539702
0.0611598
0.0658583
0.062048
0.0605653
0.0531455
0.0445853
0.0451614
0.0357997
0.0397608
0.0396324
0.033727
0.0314281
0.0314358
0.0231489
0.021323
0.0159017
0.0179837
0.0162681
0.0108729
0.00905934
0.00939631
0.00926848
0.0100655
0.0134991
0.0134186
0.0130009
0.0120026
0.0115636
0.0129232
0.0131259
0.013146
0.0154421
0.0176772
0.0181031
