0.0187409
0.0180307
0.0149561
0.013198
0.0124364
0.0120771
0.0118272
0.010029
0.00899945
0.00711067
0.0065718
0.00549784
0.005105
0.00567528
0.00523235
0.00483678
0.00394077
0.0031822
0.00547506
0.0061534
0.00630599
0.0096603
0.0111066
0.0123227
0.0152287
0.0180141
0.0214186
0.0214617
0.0180544
0.0185768
0.0162205
0.0137367
0.0118838
0.00917925
0.00779154
0.007274
0.00706228
0.00627063
0.00530617
0.00535894
0.0048457
0.00470687
0.00476538
0.00425297
0.00373167
0.00358899
0.00372567
0.00388613
0.00365353
0.00764643
0.00894527
0.0109488
0.0121875
0.0137999
0.0161191
0.0163045
0.0137936
0.0135571
0.0122526
0.0101043
0.00938916
0.00860343
0.00755717
0.00751564
0.00633096
0.00599593
0.00470826
0.00510298
0.00421868
0.00374925
0.00321509
0.00325333
0.00332565
0.00338729
0.00355023
0.00316456
0.00307081
0.00295586
0.00312343
0.00257779
0.00304394
0.0032851
0.00319192
0.00299222
0.00317294
0.0082521
0.00858396
0.00877926
0.00832301
0.00757725
0.0064254
0.00646422
0.00866854
0.0113095
0.0142474
0.0134211
0.0143351
