0.0328092
0.0296653
0.0327552
0.030642
0.032882
0.036617
0.0375371
0.0351606
0.0355039
0.0353021
0.0339045
0.0329838
0.038181
0.0387283
0.0383442
0.0382924
0.0393201
0.0371783
0.0374118
0.0373621
0.0323916
0.0372623
0.040313
0.0392385
0.039567
0.0497371
0.0539215
0.0514448
0.0478833
0.0526692
0.0478055
0.0378992
0.0387944
0.0425133
0.040762
0.0417665
0.0421414
0.0413762
0.0385797
0.0412675
0.038388
0.0380001
0.0345605
0.0327236
0.0369935
0.0402511
0.0423222
0.0411688
0.0415414
0.0437504
0.0414164
0.0385036
0.0376054
0.0389224
0.0453197
0.0455709
0.0493119
0.0486767
0.0466337
0.0465516
0.0469428
0.0432224
0.0414466
0.0394325
0.032395
0.0303775
0.0330918
0.0365152
0.037532
0.0385238
0.0381675
0.0375474
0.0347355
0.0349545
0.0373099
0.038425
0.0372022
0.0394706
0.0388471
0.0395933
0.0385952
0.0390111
0.0383515
0.0349762
0.0370515
0.0425477
0.0436827
0.0397815
0.038826
0.0434929
0.0422549
0.0431176
0.0426338
0.0372646
0.0358853
0.0344241
0.030705
