0.0284296
0.024581
0.0242147
0.0237259
0.0298482
0.0342539
0.0368953
0.0371653
0.0371592
0.0326356
0.0358826
0.036541
0.038644
0.0456796
0.045369
0.0428863
0.0376233
0.0328345
0.0281554
0.0297706
0.0309303
0.0338073
0.0353727
0.0287795
0.0239642
0.0235971
0.021244
0.0210622
0.0230542
0.0263046
0.0284098
0.0310304
0.0297141
0.031675
0.0335443
0.0330301
0.0357127
0.0363762
0.0321754
0.0303951
0.0256528
0.0261651
0.0288216
0.0287456
0.0243695
0.0250651
0.0263087
0.0252286
0.0224409
0.0202238
0.0192683
0.0195358
0.0221633
0.0246143
0.0208445
0.0188352
0.0202872
0.0258079
0.0268682
0.0270823
0.0270078
0.0295136
0.0334904
0.0356371
0.0319222
0.0285781
0.0234831
0.0257925
0.0214461
0.0219422
0.0179987
0.0191627
0.0200514
0.0223503
0.0242108
0.0232877
0.0250522
0.0261951
0.0275687
0.0227141
0.0239708
0.0201519
0.0206534
0.0196582
0.021231
0.0229875
0.0231957
0.0225162
0.026772
0.0323675
0.0325766
0.0321411
0.0281327
0.0268113
0.0246562
0.0219429
0.022554
