0.0187174
0.0185062
0.0179669
0.0177191
0.0158747
0.013502
0.0123955
0.0125909
0.012351
0.0124196
0.0111129
0.00975716
0.00788199
0.00749132
0.00718061
0.00810711
0.00764792
0.00672546
0.0104549
0.0140634
0.0162109
0.0162541
0.0150847
0.0123626
0.0115373
0.0123223
0.0101473
0.00858443
0.00903462
0.00817849
0.00745402
0.00783452
0.00792975
0.00681825
0.00657917
0.00605049
0.00576289
0.00492659
0.00484478
0.00507126
0.00549049
0.00602389
0.00607083
0.00967783
0.0124763
0.0133358
0.015773
0.0159787
0.0160096
0.0155484
0.0153796
0.0155865
0.0149811
0.0136196
0.0124425
0.0114127
0.0102047
0.00829613
0.00758843
0.00677626
0.00621218
0.00518252
0.00479537
0.00463356
0.00477466
0.00419135
0.00418711
0.0044962
0.00409637
0.00376596
0.00379359
0.00353422
0.00331026
0.00347359
0.00343079
0.00362338
0.00315804
0.00377991
0.00425488
0.00514283
0.00482319
0.00435244
0.00481103
0.00830811
0.0101578
0.0118858
0.0127855
0.0180136
