0.0488207
0.043633
0.0431186
0.0415711
0.0389505
0.0359108
0.0326544
0.0356692
0.0366774
0.0447152
0.0466345
0.0510513
0.055924
0.0566004
0.051533
0.0519028
0.054087
0.0556552
0.052236
0.0458691
0.0456827
0.0428871
0.0445662
0.0481708
0.0521871
0.0521731
0.0500577
0.0468778
0.0460925
0.0480579
0.0459924
0.0538207
0.0549557
0.0552636
0.0550518
0.0532591
0.0534314
0.0468462
0.0465731
0.0476805
0.0510727
0.0464747
0.0408775
0.0413651
0.0406323
0.0354389
0.0323062
0.0330386
0.0322943
0.0349736
0.0350516
0.0303931
0.0291022
0.0309823
0.0353848
0.035503
0.0382089
0.0376356
0.0343789
0.0336879
0.0354637
0.0357055
0.0353131
0.0354845
0.0337594
0.0359894
0.0370991
0.0386595
0.0397626
0.0392082
0.039347
0.0448748
0.0478842
0.0492545
0.0478554
0.0466804
0.0393804
0.0355441
0.0351982
0.0376181
0.0411379
0.0421827
0.039626
0.0386598
0.0364781
0.0393079
0.0370298
0.0348067
