0.0230044
0.017663
0.015976
0.0170726
0.0224691
0.0234527
0.0279264
0.0325281
0.0392425
0.0454685
0.0450665
0.0456427
0.0365493
0.034353
0.0327391
0.0306396
0.0312851
0.0298898
0.02731
0.0290256
0.0271412
0.0250696
0.025443
0.020996
0.0235614
0.0251266
0.0230708
0.0239196
0.0246939
0.0254524
0.0272028
0.0300664
0.0377742
0.0376259
0.0373294
0.0385828
0.0396591
0.0352186
0.033056
0.036517
0.0443441
0.0424823
0.0390029
0.0407297
0.0440835
0.041793
0.0394569
0.0379793
0.0361657
0.0341854
0.0311396
0.0273106
0.0265748
0.0261135
0.0275475
0.0287147
0.0320376
0.0295078
0.0293655
0.0301658
0.030549
0.027139
0.0264292
0.0268954
0.0266239
0.0272203
0.0261407
0.025645
0.0215563
0.0208457
0.0210516
0.0208276
0.0229953
0.0230715
0.0224096
0.0240706
0.023435
0.0235013
0.0239544
0.0238806
0.0224706
0.0216722
0.0240043
0.0264619
0.0230775
0.0235461
0.0196147
0.0231439
