0.0104594
0.0112925
0.0602864
0.058726
0.0553512
0.0498058
0.040815
0.0370661
0.0326429
0.031276
0.0270277
0.0240425
0.0208204
0.0160208
0.0129763
0.0139926
0.0113608
0.0090276
0.00757404
0.00530868
0.00436203
0.0052529
0.00574301
0.00779895
0.00956713
0.0114925
0.0115623
0.0169327
0.0175806
0.0166767
0.016672
0.0164842
0.0168723
0.0164987
0.0135928
0.0131029
0.00987391
0.00845307
0.0081152
0.00810718
0.00683426
0.00617987
0.00483132
0.00440071
0.00342747
0.00382089
0.00355388
0.00290175
0.00268218
0.00212151
0.00241499
0.00474529
0.00762076
0.0109864
0.0132718
0.0166315
0.0155386
0.0134075
0.0132849
0.0126545
0.0108471
0.0111179
0.00987418
0.00934694
0.00909091
0.00787673
0.00642344
0.00536842
0.004943
0.00503829
0.0045534
0.00379759
0.00352743
0.00330834
0.00303795
0.00287113
0.00254255
0.00237138
0.00216168
0.00237134
0.00252404
0.00258495
0.00239291
0.00265385
0.00290051
0.00291464
0.00275839
0.00269499
0.00247417
0.00255455
0.00255197
0.0097997
0.00930067
0.00905413
0.00881896
0.00911541
0.007875
0.00814304
0.00711023
0.00680038
0.00961874
0.0106795
0.0115838
0.0138929
0.0154124
0.0175239
