0.0110292
0.011271
0.217646
0.188616
0.175446
0.181894
0.159554
0.149024
0.132876
0.139447
0.111814
0.0931194
0.0956895
0.0780559
0.0639462
0.0700793
0.0613717
0.0494113
0.0408984
0.0212948
0.0196784
0.0156821
0.0172872
0.0182095
0.0187537
0.0193587
0.0177308
0.0165597
0.0159339
0.0183913
0.0179634
0.0185055
0.020078
0.0224775
0.0229422
0.028518
0.0286152
0.0299914
0.0304558
0.0367907
0.0366027
0.0376404
0.0318985
0.0291052
0.0231321
0.0299257
0.0269229
0.0225489
0.0210573
0.0132412
0.0137842
0.00681535
0.00756367
0.00878728
0.0098583
0.0105124
0.00813359
0.00726218
0.00841809
0.0108714
0.0122187
0.0162856
0.0195522
0.0247898
0.0298497
0.0313476
0.0308978
0.0315543
0.030523
0.0360308
0.0352499
0.0316506
0.0330276
0.031973
0.030569
0.0270914
0.0231893
0.0203095
0.0232649
0.0208606
0.0240709
0.024916
0.0212728
0.0216906
0.0243299
0.0260477
0.0213097
0.0182685
0.0164064
0.0154554
0.0171436
0.0152927
0.0149639
0.0155906
0.0152649
0.016844
0.018852
0.0233962
0.0202306
0.0200349
0.0203177
0.0185188
0.0192982
0.0207519
0.0199064
0.0183031
