0.00933138
0.00937552
0.0607973
0.0549822
0.0493027
0.0421237
0.0344136
0.032086
0.0285247
0.0234174
0.0184043
0.0150708
0.0109565
0.00922253
0.00712106
0.00610791
0.00379615
0.0034412
0.00379511
0.00483299
0.00489814
0.00401099
0.00588999
0.00890648
0.00975132
0.0117745
0.0117756
0.0125848
0.0126281
0.0114558
0.0104412
0.0102456
0.0099468
0.00904842
0.00690789
0.00527371
0.00511214
0.00464469
0.00438692
0.00472943
0.00467226
0.00432783
0.00455313
0.00402169
0.0037891
0.00343521
0.00329386
0.00359499
0.00463585
0.00465732
0.00423731
0.00665816
0.00862978
0.0106495
0.0158739
0.0166365
0.0157995
0.017434
0.0183064
0.0158026
0.0150318
0.0163053
0.0146387
0.0133324
0.0148219
0.0125743
0.0117434
0.0102274
0.0091568
0.00707478
0.00526807
0.00489891
0.00501708
0.00439542
0.00446847
0.00415022
0.00454895
0.00464682
0.00401411
0.00347237
0.00350976
0.00283754
0.00281137
0.00280813
0.00266364
0.00294431
0.00266088
0.00287452
0.00331155
0.00363466
0.00373351
0.00446523
0.00475432
0.00506806
0.00464336
0.00509036
0.00526057
0.00845024
0.0105571
0.01258
0.0138312
0.014872
