0.00988836
0.011375
0.238383
0.222738
0.20746
0.186138
0.15516
0.144635
0.139127
0.139943
0.129253
0.118142
0.102704
0.0952413
0.0979733
0.0912005
0.0732923
0.0758598
0.0740747
0.0739921
0.070608
0.065007
0.054032
0.0402023
0.0410192
0.0393148
0.0362154
0.0371818
0.0362401
0.0366469
0.0349705
0.0363426
0.0283218
0.029018
0.0292556
0.0303978
0.0305608
0.0297763
0.0318256
0.0329478
0.033077
0.0351592
0.0363307
0.0319365
0.0293438
0.0301353
0.0301858
0.0296369
0.0306047
0.0286597
0.0310804
0.0303242
0.0313768
0.0291327
0.0306623
0.0347716
0.0339071
0.031872
0.0294496
0.0247843
0.0220278
0.0237245
0.0250145
0.0262344
0.0281691
0.0282042
0.027905
0.0247255
0.0234378
0.0237284
0.0233805
0.0251274
0.0256752
0.0250685
0.0252711
0.0287633
0.0284002
0.030157
0.034486
0.0342281
0.0282533
0.0289398
0.0280488
0.0256967
0.0245845
0.0278405
0.0328892
0.0329373
0.0326415
0.0378075
0.0358626
0.0391933
0.0352862
0.0350043
0.0321249
0.0330169
0.0346938
0.0337411
0.0335041
0.0322194
0.0313371
0.0272691
