0.00949309
0.00809684
0.194016
0.152998
0.118198
0.0979861
0.0770634
0.0639681
0.0619026
0.0665361
0.0467925
0.041393
0.0373076
0.0370378
0.0328554
0.0298412
0.021321
0.0196342
0.0195835
0.019654
0.0201724
0.0193794
0.017476
0.0168188
0.0152736
0.015296
0.0149523
0.0180608
0.0170911
0.0168546
0.0159534
0.0154866
0.0163125
0.01805
0.0181891
0.0175077
0.0171766
0.0191303
0.0219676
0.0248983
0.0252929
0.0248318
0.029586
0.0301841
0.0325852
0.0312752
0.0305807
0.035363
0.0410893
0.0425588
0.0413943
0.0395719
0.0446053
0.050565
0.0577116
0.0550035
0.0513345
0.0448587
0.0350526
0.033176
0.0319993
0.0341127
0.0287
0.032403
0.0378806
0.0357102
0.0335859
0.0314724
0.0293938
0.0251545
0.0207926
0.0234427
0.0258286
0.0260724
0.0297296
0.0278878
0.02667
0.0277825
0.0243505
0.0199467
0.0220493
0.0213951
0.0212424
0.0217993
0.0213591
0.0247024
0.0282285
0.0267989
0.0276176
0.0274865
0.0247184
0.0239255
0.0233698
0.0248914
0.0268621
0.030256
0.0297013
0.0275376
0.0258939
0.0288803
0.0267477
0.0233336
