0.00846962
0.00857279
0.00811161
0.00636749
0.00553524
0.00471379
0.00367743
0.00353169
0.00333458
0.003135
0.00314019
0.00318144
0.00347886
0.00329426
0.00321338
0.00334943
0.00363418
0.00493557
0.00780427
0.0112153
0.0146147
0.0134239
0.0125735
0.0128203
0.0099332
0.00828545
0.00765642
0.00784147
0.00641115
0.0068475
0.00570723
0.00528857
0.00486227
0.00409661
0.00410504
0.0040229
0.00715945
0.00875531
0.0108358
0.0128548
0.0135993
0.0156885
0.0149435
0.0143015
0.0126806
0.0103559
0.00825389
0.00583293
0.0059699
0.00756381
0.00725968
0.00632914
0.00510664
0.00445494
0.0043357
0.0039962
0.00360187
0.00533408
0.00698779
0.00911146
0.00904936
0.0106326
