0.00947768
0.00893926
0.00913738
0.0100882
0.0114119
0.0113812
0.0105102
0.0107892
0.011203
0.0119435
0.0123669
0.014244
0.0159583
0.0175663
0.0189647
0.0191762
0.0196573
0.0173439
0.0184072
0.0211971
0.0184673
0.0164539
0.0141709
0.0145186
0.0142559
0.0159658
0.0178669
0.0198781
0.0177204
0.0176725
0.0185827
0.017088
0.0156146
0.0118893
0.0116767
0.0118641
0.0163743
0.0168455
0.0153422
0.0141534
0.0122532
0.0133763
0.0127217
0.011747
0.0122513
0.0122495
0.0129621
0.0127315
0.0129564
0.0146668
0.0154719
0.0133361
0.0143601
0.0136903
0.0152804
0.0158127
0.0171012
0.0158126
0.0139853
0.0151284
0.0178265
0.0195284
