0.0098972
0.0118172
0.0120618
0.0143028
0.0171409
0.0168988
0.0176789
0.0165326
0.0162479
0.0187807
0.0173811
0.0186204
0.0216379
0.02002
0.0199376
0.0193372
0.0198718
0.0182287
0.0175491
0.0163692
0.0183532
0.0196413
0.0199134
0.0206913
0.022039
0.0264626
0.0289105
0.0277349
0.0297369
0.0286105
0.0271032
0.0259218
0.0255252
0.0224617
0.0203182
0.0178659
0.0197228
0.019137
0.0227478
0.0258622
0.0240082
0.0240069
0.0221646
0.0217957
0.0208483
0.0202504
0.0220023
0.019536
0.0226674
0.0218809
0.0259812
0.0237643
0.0243968
0.0240675
0.0253236
0.0233722
0.0265805
0.0236593
0.0233877
0.0219407
0.020044
0.0182205
