0.0112707
0.0114517
0.0584962
0.0555681
0.0517499
0.0467514
0.0391052
0.0355311
0.0351596
0.030819
0.0276354
0.024773
0.019111
0.0161209
0.0154353
0.0125416
0.0115746
0.00840077
0.00668902
0.00538407
0.00791844
0.00916618
0.0126139
0.0147281
0.0169841
0.0150379
0.0147486
0.0146974
0.0130033
0.0138393
0.013185
0.0123426
0.0116471
0.0108116
0.0098156
0.00809225
0.00670503
0.00583663
0.00548615
0.00482326
0.00439793
0.0041886
0.00368474
0.00300349
0.00322408
0.0021492
0.00194351
0.00196863
0.00205059
0.00202491
0.00212238
0.00416126
0.00742232
0.0102016
0.0135251
0.0150745
0.0134994
0.0112221
0.0103705
0.00994265
0.00877364
0.00803464
0.00806464
0.00693433
0.00651896
0.00532567
0.00443584
0.00424516
0.00383911
0.00345576
0.00306632
0.00253675
0.00248972
0.00256268
0.00277164
0.00283862
0.00259477
0.00262576
0.00258511
0.00265802
0.00254067
0.00249658
0.00231681
0.00249066
0.00230972
0.00223388
0.00242614
0.00235032
0.00244733
0.00230865
0.00221411
0.00592321
0.00634553
0.00652745
0.00680242
0.00727102
0.00752061
0.0071661
0.00664531
0.00620627
0.00732264
0.0098212
0.0135952
0.0155414
0.01503
0.0161325
