0.0311346
0.0255737
0.0209158
0.0193874
0.0203284
0.024037
0.0223789
0.0238331
0.0232451
0.0283559
0.0323486
0.0251858
0.0258428
0.0288756
0.0233893
0.0253798
0.0215383
0.0166855
0.0148741
0.0158771
0.0178266
0.0185016
0.0219099
0.0230332
0.0232802
0.0185145
0.0182176
0.0160054
0.019962
0.0214847
0.0217757
0.020795
0.0238732
0.02649
0.0269829
0.0257131
0.0227758
0.0239091
0.0201788
0.0154802
0.011667
0.0103954
0.00863477
0.00764968
0.00752663
0.0061764
0.00632591
0.00667099
0.00692387
0.00829819
0.0101988
0.00987292
0.00905875
0.0101571
0.0127815
0.0153442
0.0154911
0.0145476
0.0166494
0.0223075
0.0263943
0.0275141
0.0308904
0.029094
0.0293474
0.0309603
0.0269927
0.0229661
0.0199578
0.0170062
0.0168659
0.0200676
0.0176569
0.0181436
0.0156282
0.0187824
0.0195128
0.0153285
0.0152372
0.0155382
0.0166135
0.0164363
0.0165502
0.0137845
0.016388
0.0160659
0.0167125
0.0188903
0.0174522
0.0184218
0.0189597
0.0177251
0.0155779
0.0145157
0.0162271
0.0174357
0.0159187
