0.0211717
0.0200614
0.0180817
0.0179135
0.0154882
0.0168064
0.0194086
0.0210273
0.021487
0.0211516
0.0197361
0.0209412
0.0225411
0.023403
0.0247636
0.0209195
0.0236782
0.0206952
0.0195772
0.0189872
0.0216492
0.0267197
0.0257979
0.0264841
0.0267648
0.0281449
0.0243856
0.0271808
0.025164
0.0284513
0.0235445
0.0224662
0.0195467
0.0197222
0.0214501
0.0233708
0.023181
0.0284818
0.0273407
0.0315568
0.032411
0.0272654
0.0310543
0.0219229
0.0196758
0.0179434
0.0209575
0.0157225
0.0125538
0.0129599
0.015821
0.0144539
0.0149904
0.0157208
0.0172751
0.0192587
0.0222982
0.0265916
0.0303477
0.0321349
0.0362595
0.0454081
0.0468077
0.0493642
0.051702
0.0602751
0.0682146
0.0743902
0.0682578
0.0472722
0.0308613
0.0210884
0.0220023
0.0219887
0.0188186
0.0156168
0.0147399
0.0141747
0.0131391
0.0130917
0.0132832
0.0147262
0.016207
0.0178023
0.0201861
0.0186862
0.0161488
0.01638
0.016462
0.0172121
0.0196583
0.0173173
0.0166326
0.0164609
0.0190679
0.0186114
