0.0140775
0.0135742
0.0121788
0.011653
0.010141
0.00968582
0.00909226
0.00702573
0.00591511
0.00453024
0.00469524
0.00462456
0.00290878
0.00204139
0.00220431
0.00237069
0.00211753
0.00185908
0.00170139
0.00172443
0.00422527
0.00601584
0.00789136
0.0101007
0.0118765
0.0143742
0.0162245
0.0180989
0.0179847
0.0168059
0.016593
0.0183968
0.0178349
0.0159139
0.0126008
0.0108945
0.00858162
0.00822333
0.00849215
0.00760178
0.00617194
0.0060413
0.00683266
0.00752228
0.00863867
0.0097521
0.00992809
0.0105392
0.00955447
0.00870096
0.00756589
0.00746006
0.00939679
0.0103755
0.013637
0.0163153
0.0186968
0.0175989
0.0174132
0.0175892
0.0172487
0.0154375
0.0161878
0.0158406
0.0148742
0.0158422
0.0164295
0.017109
0.0163834
0.0149312
0.0141055
0.0127505
0.0119601
0.00956353
0.00712305
0.00533341
0.00529251
0.00525045
0.00425813
0.00443226
0.00372769
0.00315574
0.00275437
0.00272715
0.00259241
0.00251622
0.00233644
0.00227326
0.00212687
0.00207831
0.00195469
0.00192523
0.00179004
0.00283745
0.00399211
0.0042917
0.00699486
0.00694204
0.00744599
0.0075327
0.00658382
0.00543021
0.00749018
0.00926765
0.0104833
0.0135285
0.0131771
0.0149161
