0.0200213
0.0239569
0.0221279
0.0231876
0.0208811
0.0205619
0.020366
0.0197542
0.0181907
0.0160951
0.015562
0.0150762
0.0154087
0.014135
0.0143557
0.0153835
0.0159115
0.015479
0.0176866
0.0171649
0.0201362
0.0230496
0.0244772
0.0220515
0.0243839
0.0245541
0.0265127
0.0252143
0.0238697
0.0243362
0.026567
0.029529
0.0353608
0.0325031
0.029997
0.0307406
0.0253992
0.0265631
0.0261183
0.0273085
0.0264476
0.028986
0.031724
0.0333138
0.036966
0.0353856
0.0333451
0.0320774
0.0318393
0.0340996
0.0342253
0.0299285
0.0355901
0.0345423
0.0318969
0.0297881
0.0374249
0.0391797
0.0367014
0.0398654
0.0428765
0.0359509
0.0373625
0.0415651
0.0445086
0.0430061
0.0445012
0.0400939
0.0450607
0.0450306
0.0528488
0.0509708
0.0441304
0.036815
0.0311206
0.0272441
0.0273962
0.0267072
0.0258228
0.0244842
0.0210815
0.020988
0.0244023
0.0251187
0.0271696
0.0278961
0.0273384
0.0235184
0.0218691
0.0222134
0.0235954
0.0227929
0.0213517
0.0215617
0.0210322
0.0202686
0.0194513
0.0180931
0.0196528
0.0194123
0.0176023
0.0172408
0.0230533
0.0225469
0.0214479
0.0228878
0.0231153
0.0214595
