0.0152525
0.0135321
0.0121328
0.0124652
0.0124887
0.0128011
0.0147144
0.0158908
0.0165932
0.0150852
0.0151532
0.016738
0.0124615
0.00943677
0.00854355
0.00875459
0.00827676
0.0080856
0.00894813
0.00978589
0.0113545
0.0120961
0.0159422
0.0163951
0.0168091
0.0177167
0.0157537
0.0135781
0.0133339
0.0137506
0.0149987
0.0169769
0.0200739
0.0234786
0.025172
0.028981
0.0308917
0.0337922
0.0436992
0.0430367
0.0367888
0.0384341
0.0449787
0.0591448
0.0752591
0.0965734
0.108269
0.128168
0.136855
0.13796
0.128628
0.133013
0.140338
0.119807
0.124698
0.125103
0.121837
0.124175
0.0998964
0.105541
0.0996594
0.0872794
0.0811852
0.0793827
0.0671079
0.0665646
0.0717366
0.0750941
0.084045
0.077549
0.0809351
0.0840828
0.0802583
0.0710842
0.0590823
0.0437864
0.0412034
0.039567
0.0334917
0.0313783
0.0279782
0.0186709
0.0160223
0.0147087
0.0143402
0.0127654
0.0131668
0.0116386
0.0114388
0.0118809
0.0132482
0.0105209
0.00979716
0.00908277
0.0097986
0.0097705
0.0106781
0.0106125
0.0104693
0.0102857
0.0113907
0.0123501
0.0122942
0.0122853
0.0115701
0.0137446
0.0173825
0.0168406
