0.0143282
0.0142224
0.0155141
0.0176588
0.0185559
0.01524
0.0135969
0.0128247
0.0110753
0.0112547
0.010062
0.00960835
0.0099024
0.00985927
0.00944937
0.00839566
0.00727146
0.0064338
0.00508579
0.00494116
0.00419053
0.00408913
0.00409398
0.0043037
0.00542006
0.00953604
0.0105438
0.0117281
0.014515
0.0150501
0.0134537
0.0127427
0.012568
0.0110505
0.0102838
0.0077544
0.00769963
0.00807666
0.00607583
0.00696125
0.00612983
0.00640513
0.00610447
0.00566205
0.00515119
0.00472421
0.00432805
0.00388544
0.00359122
0.00378286
0.00414821
0.00362123
0.00322536
0.00444771
0.00389039
0.00408216
0.00359883
0.0060335
0.00595375
0.00601256
0.00739303
0.00705088
0.00721936
0.0091401
0.0136523
0.0156635
0.0162908
0.0191096
0.0195768
