0.0283101
0.0243553
0.0218063
0.0194736
0.0202591
0.0201205
0.0212166
0.0207271
0.019766
0.0191426
0.0205382
0.0202361
0.021774
0.0202228
0.0214922
0.0213257
0.0174395
0.0150412
0.0139109
0.0124403
0.0122689
0.0124416
0.0123463
0.0163888
0.0182892
0.0201871
0.0194476
0.0197596
0.0176175
0.0179021
0.0161912
0.0181067
0.0183957
0.0188197
0.0206892
0.0217743
0.0228578
0.0231357
0.025803
0.0313866
0.0349834
0.0411069
0.0560404
0.0529382
0.0524666
0.0526877
0.0561698
0.0617308
0.0605265
0.0624789
0.0610961
0.0587851
0.0587087
0.0653528
0.0514187
0.0420964
0.0292933
0.0283901
0.0288165
0.0295864
0.0313411
0.0323074
0.0392356
0.0401383
0.0422865
0.0455404
0.0470607
0.0437214
0.0487235
0.0519672
0.0524082
0.0577848
0.0548776
0.057275
0.0520279
0.0387937
0.0308001
0.0271119
0.0193448
0.0188645
0.0144229
0.0101816
0.0103295
0.00966863
0.00932113
0.00929435
0.0104572
0.0113864
0.0121699
0.0119992
0.0139986
0.0133338
0.010777
0.0115834
0.016371
0.0160661
0.0159382
0.0184556
0.0195803
0.0220737
0.0221264
0.0205774
0.0203061
0.018827
0.0189066
0.0176184
0.0122538
0.0119018
0.0119439
0.011264
0.0123267
0.0126138
0.0138052
0.0150736
0.0150698
0.0169151
