0.0154261
0.0134965
0.0107035
0.00962049
0.00927988
0.00901061
0.00891243
0.00880941
0.0103903
0.00979819
0.00861726
0.00652987
0.0057653
0.00478022
0.00406837
0.00380532
0.00353332
0.00319115
0.0029342
0.00275993
0.0037849
0.0038095
0.00746818
0.00930998
0.00991959
0.012913
0.0141468
0.0101492
0.00951046
0.00912238
0.0101875
0.0095751
0.0074674
0.00685236
0.00605594
0.00562638
0.0045255
0.00394611
0.00391477
0.00336268
0.0035437
0.0031243
0.00318992
0.00276502
0.00266065
0.00244977
0.00241066
0.00214845
0.00214742
0.00229069
0.00338252
0.00517259
0.00796851
0.0115461
0.0142881
0.0143772
0.0134579
0.0151149
0.0123959
0.0134336
0.012874
0.0110055
0.00936005
0.00972923
0.00920993
0.0074607
0.0061378
0.005327
0.00545387
0.00489441
0.00415037
0.00385273
0.00307348
0.00266332
0.00257825
0.00231473
0.0019264
0.00184924
0.00185107
0.00187013
0.00169286
0.00174656
0.00169473
0.00170593
0.00172788
0.00187894
0.00179669
0.00207248
0.00228619
0.00250084
0.00236963
0.00215549
0.00289524
0.00404612
0.0047569
0.00478835
0.00440057
0.00435744
0.00399993
0.00760176
0.00962123
0.0119257
0.0146386
0.0170338
