0.0292264
0.0313025
0.0347144
0.0362678
0.0359267
0.0321373
0.0325175
0.0352959
0.0318882
0.0272094
0.0267528
0.0266727
0.026962
0.029388
0.0298742
0.0312938
0.0299179
0.028638
0.0287216
0.0325313
0.0343429
0.0326561
0.0347179
0.0350306
0.0321252
0.0396047
0.0340603
0.0281397
0.027679
0.0261464
0.0269437
0.0265229
0.0262717
0.0266919
0.0273202
0.0299956
0.0301446
0.0306694
0.0321979
0.0342415
0.0333177
0.0330371
0.0329034
0.0353687
0.03594
0.0328214
0.0351169
0.0300851
0.0326374
0.0322969
0.029948
0.0325957
0.0262426
0.0212061
0.0208709
0.021402
0.021522
0.0229733
0.0242242
0.0289283
0.0252562
0.0242534
0.023433
0.0205832
0.0213637
0.0196975
0.0174764
0.0189864
0.0207252
0.0219618
0.0221842
0.0202654
0.0221165
0.0250365
0.0244932
0.0229277
0.0214245
0.0216253
0.0225005
0.026427
0.0292107
0.0290075
0.0278097
0.0272829
0.0285704
0.0308725
0.0308632
0.0314239
0.0342741
0.0357182
0.0343975
0.0318937
0.0291019
0.0288817
0.0284718
0.0302076
0.0321233
0.0301989
0.0298896
0.034527
0.0393237
0.0367789
0.0344226
0.0314849
