0.0160226
0.015911
0.0136296
0.0132687
0.0127732
0.0134064
0.0142691
0.0164954
0.0209024
0.0230732
0.0266935
0.0241935
0.0269248
0.024362
0.0244871
0.0262781
0.0283433
0.0274332
0.0240662
0.0224431
0.0190817
0.0197415
0.0215453
0.0209394
0.0201541
0.0187158
0.0167074
0.0175132
0.0191257
0.0194262
0.0208155
0.0201658
0.0209906
0.023355
0.0235998
0.0230327
0.0245004
0.025107
0.0261464
0.0265203
0.0293346
0.0253157
0.0241077
0.0233395
0.0247155
0.0237107
0.0210235
0.0210896
0.0214191
0.0227579
0.0259414
0.0315514
0.0359861
0.0397603
0.0400163
0.0322861
0.0303765
0.0290626
0.0300183
0.0320282
0.0328751
0.0351582
0.0378942
0.0371107
0.0404507
0.0426307
0.0401151
0.0414769
0.0430473
0.0432262
0.0390699
0.0385513
0.033461
0.0291349
0.0281539
0.0231186
0.0211595
0.0203453
0.0195591
0.0184062
0.0164931
0.01579
0.0150478
0.0143067
0.0146011
0.0155488
0.0165357
0.0183798
0.0200504
0.0217895
0.0207156
0.0214982
0.0208936
0.0247748
0.0260891
0.0265834
0.0250823
0.0280036
0.0289271
0.0276036
0.0260747
0.0268225
0.0285569
0.0293728
