0.00900425
0.0082843
0.0654416
0.0597393
0.0539248
0.0494118
0.0408375
0.0378437
0.0308755
0.0582751
0.0539847
0.04428
0.0371092
0.0267739
0.0247699
0.0211376
0.0178956
0.0161176
0.012412
0.0153554
0.0141711
0.0174262
0.0194363
0.0176681
0.0209128
0.0213304
0.0207193
0.0179889
0.0155877
0.0164039
0.0162396
0.0153409
0.0139811
0.0103621
0.00919004
0.00873306
0.0068582
0.00600151
0.00575291
0.00468004
0.00361883
0.00352718
0.00330393
0.0029929
0.00284607
0.00240819
0.00217484
0.00184699
0.00175166
0.00360676
0.00656439
0.010439
0.0124776
0.0153111
0.014423
0.0132001
0.0119195
0.0122511
0.0103628
0.00959513
0.00885049
0.00715678
0.0082119
0.00681431
0.00552586
0.0050147
0.00505132
0.00441681
0.00460435
0.00360257
0.00350322
0.00293375
0.00304724
0.00271997
0.00268512
0.00290734
0.00309234
0.00328983
0.00355158
0.00388468
0.00355604
0.00313795
0.00315489
0.00306463
0.00306838
0.00485665
0.00924924
0.00883975
0.0119061
0.0115385
0.0101151
0.00849195
0.00710284
0.00730196
0.00955172
0.0122721
0.0151773
0.016135
0.0174664
