0.00999017
0.0115722
0.236505
0.210962
0.207824
0.19561
0.18279
0.176524
0.171751
0.243726
0.237669
0.221009
0.219189
0.208128
0.196714
0.190737
0.146824
0.152694
0.120207
0.106245
0.108599
0.10871
0.1125
0.0992635
0.0862199
0.0938226
0.0790274
0.0688073
0.0628748
0.0686633
0.0716915
0.0646259
0.0597637
0.0573351
0.0589691
0.0519708
0.0558474
0.0555546
0.0592823
0.0693014
0.0583907
0.0550227
0.0438309
0.0407911
0.036096
0.036427
0.0358775
0.0334356
0.0331029
0.0325084
0.0301539
0.0298463
0.0251756
0.0277382
0.0347355
0.0386971
0.0370008
0.0354401
0.0350836
0.0355143
0.0339398
0.0326117
0.0316822
0.0336585
0.0393764
0.0370161
0.0370376
0.0344243
0.0306204
0.0292855
0.0306722
0.0308868
0.0325452
0.030274
0.0312597
0.0289449
0.0304647
0.0343088
0.0356423
0.0351007
0.0321969
0.0357755
0.0379363
0.0464634
0.0498267
0.046072
0.0480937
0.0477096
0.0413702
0.0414225
0.0443644
0.0543264
0.0503104
0.042476
0.0430387
0.0410719
0.0404559
0.039466
0.0365051
