0.00987026
0.00996198
0.217039
0.171801
0.154712
0.131934
0.117721
0.123871
0.115646
0.230573
0.189552
0.164162
0.149939
0.114427
0.114161
0.100353
0.06881
0.0603694
0.0488846
0.0570411
0.0391759
0.0338109
0.0324222
0.029126
0.0258938
0.0234129
0.0194895
0.0192314
0.0182904
0.0171578
0.0164666
0.0169754
0.022464
0.0222944
0.0254784
0.0256171
0.0261696
0.0306525
0.0349068
0.0302311
0.0235719
0.0228031
0.0217165
0.0181527
0.0201738
0.0163109
0.0113242
0.0090562
0.00889932
0.0089066
0.00897169
0.0110405
0.0113701
0.0119081
0.00961652
0.00997134
0.0119661
0.013968
0.0160213
0.0190777
0.0200065
0.0194457
0.0269568
0.0253516
0.024223
0.0253299
0.0266488
0.0246187
0.0263563
0.0217966
0.0207924
0.0196489
0.0221546
0.0191837
0.0174642
0.0179228
0.0178294
0.0179311
0.0189767
0.0187152
0.0179684
0.0181306
0.0181307
0.0158279
0.0166928
0.0145056
0.0115524
0.0113457
0.0157913
0.0160148
0.0186923
0.0185208
0.0188586
0.0237068
0.0240319
0.0205643
0.0210628
0.0217049
0.0201192
