0.0104438
0.00993483
0.0107008
0.0109923
0.0123677
0.0131445
0.0138036
0.0179998
0.0207478
0.0238058
0.0246941
0.0237366
0.0271425
0.031529
0.0357871
0.0335479
0.0357184
0.0381946
0.0421873
0.0402625
0.0339847
0.0311504
0.0249317
0.0211066
0.0198777
0.0192443
0.0186239
0.0192669
0.0215278
0.0240132
0.0279963
0.0294656
0.0283275
0.0269243
0.0270951
0.0279657
0.0307775
0.0303758
0.0331895
0.0320904
0.0298988
0.0260358
0.0262696
0.0267671
0.0274264
0.0261538
0.0251566
0.0252325
0.0253318
0.0238894
0.0240604
0.0242755
0.0231762
0.0251961
0.0289515
0.0265155
0.0288731
0.0332268
0.0331125
0.0389205
0.0472452
0.0467462
0.0468263
0.0446517
0.0384852
0.0418234
