0.00918866
0.00818414
0.0075398
0.00731505
0.00695748
0.00640814
0.00561383
0.00651607
0.00695262
0.00696034
0.00604198
0.00553191
0.00587951
0.00606428
0.00615302
0.00495242
0.00538685
0.00577415
0.00797647
0.00995531
0.0135011
0.0124168
0.0113667
0.00922697
0.00873762
0.0081492
0.00758674
0.00764478
0.00690375
0.00831954
0.00816787
0.00731238
0.00714358
0.00599903
0.00563002
0.00594822
0.00613625
0.00602686
0.00943246
0.0110058
0.0125781
0.0133042
0.0151801
0.0170905
0.0158418
0.0128752
0.0123473
0.0120149
0.0116612
0.0114383
0.0103743
0.00960876
0.0110278
0.0113015
0.011417
0.0121195
0.0120212
0.0123816
0.00976396
0.00913395
0.00871053
0.0101907
0.0127644
0.0141598
0.0145336
0.0191098
