0.0107217
0.0110533
0.0118756
0.0131446
0.014502
0.0153981
0.0145051
0.0128134
0.0116524
0.0114518
0.0107726
0.0108233
0.0111602
0.011574
0.0120471
0.0116192
0.0145277
0.014431
0.0146024
0.0151561
0.0159177
0.014988
0.0158947
0.0143264
0.0138996
0.0166722
0.0183264
0.0165751
0.0178916
0.0212621
0.0211062
0.0195727
0.0177141
0.0197366
0.0206888
0.0228811
0.02664
0.0306655
0.0336681
0.0327186
0.0373605
0.0400657
0.041013
0.0410255
0.0374631
0.0344242
0.0285423
0.0294122
0.0292681
0.0268283
0.0269966
0.0274741
0.0261439
0.0275639
0.0286818
0.0286307
0.0327126
0.0333302
0.0303551
0.0317742
0.0315102
0.0288418
0.0293029
0.0283162
0.022834
0.0222316
