0.0087315
0.00909657
0.00964643
0.0644097
0.0598874
0.057554
0.0539845
0.0484842
0.0422721
0.0351134
0.031394
0.0287116
0.025142
0.0167354
0.0101186
0.00819759
0.00614393
0.0046284
0.0038802
0.00388335
0.00336088
0.00383661
0.00477907
0.008294
0.0117363
0.0144066
0.0150185
0.0162528
0.0161186
0.0165028
0.0156757
0.0175994
0.0138232
0.0126834
0.0124883
0.0119201
0.0108844
0.0104879
0.010139
0.00851477
0.00802913
0.00873469
0.00898994
0.0076058
0.0084149
0.0102533
0.0109157
0.0105051
0.00997902
0.0093028
0.0088037
0.00743165
0.00725076
0.0102252
0.0131294
0.0148082
0.0186532
0.0221592
0.0226334
0.0212387
0.0211461
0.0214793
0.023631
0.0232967
0.02377
0.0235083
0.0245085
0.0248133
0.0231298
0.0237487
0.0211573
0.0204603
0.0203808
0.0181196
0.0150368
0.0141838
0.0115751
0.00981688
0.00866806
0.0079287
0.00675167
0.0049058
0.00424186
0.00346867
0.00323604
0.00273487
0.00235655
0.00200646
0.00193242
0.0018396
0.00196749
0.00204611
0.00196415
0.00205279
0.00410512
0.00715855
0.00682382
0.00701336
0.00722204
0.00689562
0.00637496
0.00530554
0.00509864
0.00921136
0.0106934
0.0116073
0.0118975
0.0140775
