0.0100262
0.012556
0.0141125
0.239787
0.239643
0.217124
0.202735
0.191313
0.173285
0.158985
0.142609
0.139351
0.123665
0.0987371
0.0871449
0.0736349
0.0735478
0.0684224
0.060295
0.0657702
0.0672746
0.0651353
0.0662359
0.0790774
0.0797219
0.0737776
0.0679054
0.0690838
0.0713805
0.0709439
0.0658234
0.0672669
0.0658753
0.0631338
0.0679887
0.0646533
0.0629355
0.064528
0.060297
0.053953
0.0570084
0.054194
0.0502714
0.0488061
0.0503248
0.0486677
0.0530044
0.0554207
0.0542448
0.0593877
0.0566222
0.0568181
0.0537338
0.0601277
0.0582002
0.0568046
0.059397
0.0563374
0.0652405
0.069654
0.0725577
0.0705112
0.0772924
0.0788701
0.0740405
0.0793513
0.0833153
0.0768456
0.0796846
0.0735872
0.0806598
0.0754269
0.0763344
0.0648122
0.0619599
0.0612272
0.0582577
0.0580087
0.0530986
0.044064
0.0415879
0.0337838
0.0320116
0.0265428
0.0217247
0.019559
0.017706
0.0206274
0.019481
0.020564
0.0192368
0.0171001
0.0167275
0.0172912
0.0187305
0.0176505
0.0181719
0.0168757
0.018679
0.0162418
0.0165254
0.0151424
0.0142262
0.019292
0.0234606
0.0217949
0.0202223
0.0200213
