0.00988265
0.00959724
0.00909079
0.216926
0.198644
0.163142
0.152476
0.131882
0.115597
0.104368
0.105565
0.113499
0.111773
0.0809652
0.0425419
0.0362274
0.0284032
0.0183007
0.013161
0.0152617
0.0131465
0.0123617
0.0166156
0.0203633
0.0206082
0.0224058
0.0210071
0.0206918
0.0184329
0.0172728
0.0193974
0.018924
0.0198855
0.0209116
0.0201447
0.0222618
0.0263469
0.0340755
0.0400365
0.0399128
0.0466962
0.0550767
0.067136
0.0709073
0.0888023
0.117557
0.141959
0.156578
0.1558
0.160332
0.161705
0.147248
0.151759
0.142219
0.112336
0.106375
0.0895739
0.0810848
0.0624236
0.0537078
0.0546844
0.0626304
0.0720799
0.0726917
0.0906449
0.101441
0.114489
0.115131
0.106031
0.124252
0.119116
0.124629
0.132973
0.123024
0.107117
0.115835
0.109496
0.089327
0.08768
0.0823217
0.0815875
0.057791
0.0531964
0.0385175
0.0322348
0.0246124
0.0193943
0.0156659
0.0163996
0.0154705
0.0128281
0.0171084
0.0118814
0.0154409
0.0170092
0.0195825
0.0121508
0.0119297
0.0117378
0.0140143
0.0164945
0.0169146
0.0211321
0.019148
0.0172537
0.0145759
0.0161465
0.0152525
