0.0166663
0.0160922
0.0142997
0.0139366
0.0127023
0.0119097
0.0112715
0.00868216
0.00658184
0.00564611
0.0048992
0.00467135
0.00418979
0.0036381
0.00352453
0.00341305
0.0028269
0.00246982
0.00237774
0.00354823
0.00398763
0.00424956
0.00680712
0.00903695
0.0134349
0.0109617
0.0149891
0.0138684
0.0136255
0.0171901
0.0140234
0.0131223
0.0127513
0.0134643
0.0107507
0.00981898
0.00928717
0.00963398
0.0088405
0.00880134
0.00770484
0.00750024
0.00675491
0.00694105
0.00695466
0.00686221
0.00621439
0.00613613
0.00593031
0.00901261
0.011024
0.0118323
0.0124942
0.0164173
0.0155122
0.0149443
0.0157579
0.0162969
0.0145237
0.013231
0.0130708
0.0127346
0.0117729
0.0120089
0.0121801
0.011834
0.0108433
0.0113119
0.0110344
0.0100115
0.00925583
0.00826125
0.00744626
0.00729259
0.00740333
0.00681514
0.00617493
0.0059949
0.005806
0.00543211
0.00441217
0.00315856
0.00283401
0.00285902
0.00307145
0.00255248
0.00361912
0.00474319
0.00548633
0.00588527
0.0056027
0.004894
0.00720962
0.00787387
0.0103216
0.0136565
0.0142996
0.0143532
