0.0275844
0.0315448
0.0308468
0.028716
0.0255197
0.0274982
0.0286488
0.0281626
0.0297236
0.0293637
0.0270795
0.0291671
0.0281153
0.0278379
0.0288337
0.0254958
0.0279939
0.0268576
0.0268979
0.0277694
0.0312443
0.0368641
0.0367733
0.0418084
0.0385587
0.0403447
0.048538
0.0472152
0.0456503
0.0466854
0.049577
0.0541247
0.0481835
0.0572918
0.0517212
0.0485043
0.0521356
0.0423582
0.0363984
0.039238
0.0442758
0.0418094
0.0452528
0.0476415
0.0468878
0.0491514
0.0476198
0.0548318
0.0569209
0.0500702
0.0488362
0.0429895
0.0386163
0.0451921
0.0441199
0.0469163
0.0552312
0.0583913
0.056691
0.0460494
0.0493761
0.047593
0.0477254
0.0517235
0.0520045
0.0445077
0.0442215
0.0446418
0.0451598
0.0453514
0.0473448
0.0470368
0.043606
0.0426084
0.0474193
0.0460882
0.0483317
0.0490568
0.0477654
0.0454789
0.0397487
0.0342207
0.0339153
0.0383299
0.0332907
0.0281944
0.0312259
0.0336479
0.0328773
0.0360543
0.034144
0.0332157
0.0354158
0.0337762
0.0286822
0.0265445
0.0282526
0.0275925
