0.0219147
0.0197755
0.0178914
0.0173823
0.0218108
0.0230894
0.0247862
0.0249804
0.0228258
0.0217524
0.0196943
0.0200265
0.0195977
0.0173815
0.0161704
0.016405
0.0130438
0.0123038
0.0119009
0.0118162
0.0134754
0.0147051
0.0156574
0.0177684
0.0188653
0.0170419
0.0165599
0.0180793
0.0195929
0.0242279
0.02593
0.027773
0.0334449
0.0434064
0.0443819
0.0447705
0.048855
0.0600855
0.0684622
0.0740469
0.0764977
0.0777106
0.0776055
0.0869117
0.0997601
0.0903061
0.0938792
0.100343
0.112151
0.119695
0.105403
0.10441
0.0974283
0.0804754
0.0808675
0.0777034
0.0752754
0.0703834
0.0642795
0.0589263
0.0575128
0.059645
0.0644402
0.0635719
0.0612336
0.0482866
0.0466705
0.0496123
0.0502264
0.0540836
0.0508082
0.0512103
0.0468991
0.0534409
0.0594351
0.0599167
0.0545503
0.0542458
0.0476839
0.0439462
0.0343444
0.0205167
0.0155596
0.0152142
0.0152594
0.0105375
0.0102415
0.0142003
0.0132322
0.0143892
0.0147835
0.0159881
0.0154217
0.0134031
0.0130809
0.0134357
0.0145081
0.0155081
