0.0102013
0.00899821
0.0599421
0.0550587
0.0479534
0.0423616
0.0344429
0.0305351
0.0242533
0.0211316
0.0175454
0.0138186
0.00917466
0.00731958
0.00588376
0.00537078
0.00470888
0.00413313
0.00367067
0.00723974
0.00671843
0.00971672
0.0112084
0.0123014
0.0125297
0.0132366
0.0149333
0.0135365
0.0125458
0.0115352
0.0108326
0.0105356
0.00861805
0.00716548
0.00584806
0.0054054
0.00519394
0.00559179
0.00487179
0.004535
0.00384998
0.00336045
0.00283266
0.00276848
0.00192806
0.00185245
0.00202953
0.00214867
0.00548907
0.00760064
0.00854034
0.00933633
0.0106762
0.00865306
0.00766719
0.00797959
0.00803708
0.00559571
0.00547153
0.00506861
0.00532903
0.00541425
0.00525128
0.00494081
0.00422169
0.00380854
0.00391282
0.00371489
0.00354629
0.00291731
0.00275247
0.00280896
0.00254205
0.00272959
0.00290983
0.00271467
0.00298159
0.00321545
0.00333286
0.00345994
0.0028677
0.00265062
0.00283999
0.00525181
0.00694622
0.00739385
0.0069811
0.00803335
0.00862762
0.00791781
0.00669079
0.00568881
0.00785975
0.0108712
0.0115641
0.0113477
0.0133249
0.014672
