0.00971341
0.0114245
0.240014
0.226624
0.19239
0.164972
0.13623
0.140641
0.12799
0.121815
0.113239
0.0938701
0.0729064
0.0580815
0.0536355
0.0428742
0.0352707
0.0300639
0.0284005
0.0296909
0.0330138
0.033555
0.0321226
0.032398
0.0308392
0.0324002
0.0309862
0.0287142
0.0286274
0.0298741
0.0299174
0.0342839
0.0340932
0.0340373
0.0353428
0.0335142
0.0328482
0.0323061
0.030261
0.0276672
0.0261583
0.0293555
0.0346142
0.0313177
0.0312294
0.0280467
0.0284442
0.0294947
0.0307898
0.0291661
0.0263936
0.0259015
0.0229815
0.0246589
0.0250445
0.0280509
0.0277217
0.0298356
0.031187
0.0349212
0.0345372
0.0338566
0.0299765
0.029447
0.027893
0.0315634
0.0319081
0.0318464
0.0281008
0.0252774
0.0231781
0.0242991
0.0268827
0.0262953
0.0282315
0.0303657
0.0329718
0.0292557
0.0335676
0.0333011
0.0331733
0.0296826
0.0275845
0.0324525
0.0307318
0.0290734
0.0261939
0.0254232
0.0241627
0.0231285
0.024433
0.0255268
0.0304998
0.0383711
0.0391044
0.0331318
0.0306834
0.0327578
