0.0089059
0.00835423
0.221751
0.177614
0.134155
0.125277
0.0987585
0.0830569
0.0853004
0.0896879
0.0730988
0.0565564
0.0438083
0.0381604
0.0351433
0.035072
0.0334256
0.0287563
0.0234211
0.0240705
0.0223915
0.02143
0.021327
0.0203774
0.021591
0.0199671
0.0192333
0.0216349
0.0212535
0.0184813
0.017895
0.0192969
0.020633
0.0238983
0.0224099
0.0226705
0.0232002
0.0269022
0.0268715
0.0267934
0.0254225
0.0219875
0.0180582
0.0188111
0.0125422
0.0112987
0.0126116
0.0114515
0.0103052
0.00817292
0.00863746
0.0107079
0.0128287
0.0104187
0.00964561
0.0100538
0.0114504
0.00934887
0.0105852
0.0108531
0.0122029
0.0134146
0.0147492
0.0164644
0.0157414
0.0149201
0.0146244
0.0146134
0.0153228
0.0136255
0.0126691
0.0124652
0.0129754
0.0129334
0.0123304
0.013141
0.0148827
0.0165509
0.0160758
0.0176462
0.015686
0.0131638
0.0137285
0.013014
0.0141846
0.0148676
0.0152261
0.015459
0.0159871
0.0148537
0.0159122
0.0181784
0.0153908
0.0158453
0.0161527
0.0183894
0.0170986
0.0155957
