0.0105434
0.00962822
0.0107697
0.0127914
0.0138383
0.0137233
0.0140007
0.0137381
0.0168972
0.0190469
0.0215156
0.0253183
0.0264503
0.0272065
0.0249381
0.0266789
0.0256874
0.0256704
0.0244192
0.0211044
0.0194357
0.0207416
0.022174
0.0234805
0.0287756
0.0286687
0.0272392
0.0272921
0.0232628
0.0199162
0.0223507
0.0221088
0.0217361
0.0206638
0.0187688
0.0174927
0.0169584
0.0150323
0.0164025
0.0194709
0.0243268
0.0225548
0.024929
0.0254938
0.0235874
0.0222891
0.0207809
0.0211882
0.0241088
0.0241778
0.0266885
0.0279368
0.0326263
0.0322061
0.0322592
0.0312295
0.0310924
