0.00835313
0.00862809
0.00814439
0.0080567
0.00770298
0.0069824
0.00632777
0.00569506
0.00554906
0.00521407
0.00541368
0.00624257
0.00568508
0.00643363
0.00613778
0.00985358
0.0131493
0.0165505
0.0168531
0.0160202
0.0135499
0.013405
0.012838
0.011736
0.0109681
0.00958262
0.00971478
0.00917569
0.00864387
0.00794427
0.00757663
0.00767823
0.0113661
0.012908
0.0138056
0.0146568
0.0171708
0.0180296
0.0150611
0.0152895
0.0142798
0.0156347
0.0148652
0.0147235
0.0131613
0.0121528
0.0115095
0.0108901
0.00916426
0.00973014
0.00946946
0.00909723
0.0104805
0.0124488
0.0140688
0.0144377
0.016103
