0.0114599
0.0150894
0.0191324
0.0220411
0.0221158
0.0262127
0.0291434
0.0333523
0.0354688
0.0348223
0.0330334
0.0312034
0.0297324
0.0333321
0.0364492
0.0358281
0.0314035
0.0342811
0.0354693
0.0465558
0.0512318
0.0568362
0.0522024
0.057974
0.0567607
0.0524845
0.0534743
0.0506139
0.048587
0.0436256
0.0416833
0.043375
0.0387221
0.0344636
0.0300818
0.031506
0.0350031
0.0306228
0.0265652
0.0208733
0.0201855
0.0201328
0.0241137
0.0280692
0.0263273
0.0302642
0.0308191
0.0317339
0.0301983
0.031238
0.0322461
0.0339243
0.0329906
0.0322401
0.0315775
0.0256197
0.0247991
